<?xml version="1.0" encoding="UTF-8"?>
<kml xmlns="http://www.opengis.net/kml/2.2" xmlns:gx="http://www.google.com/kml/ext/2.2">
    <Document id="feat_1">
        <open>1</open>
        <Placemark id="feat_2">
            <Style id="stylesel_0">
                <LineStyle id="substyle_1">
                    <color>e600ffff</color>
                    <colorMode>normal</colorMode>
                </LineStyle>
                <PolyStyle id="substyle_0">
                    <color>c800ffff</color>
                    <colorMode>normal</colorMode>
                    <fill>1</fill>
                    <outline>1</outline>
                </PolyStyle>
            </Style>
            <name>1</name>
            <MultiGeometry id="geom_0">
                <Polygon id="geom_1">
                    <extrude>5</extrude>
                    <altitudeMode>relativeToGround</altitudeMode>
                    <outerBoundaryIs>
                        <LinearRing id="geom_3">
                            <coordinates>-0.4906855,38.3640137978,1500 -0.486711714688,38.3637400046,1500 -0.482858758364,38.3629269501,1500 -0.479243778122,38.3615993559,1500 -0.47597667041,38.3597975866,1500 -0.473156734993,38.3575764207,1500 -0.470869654127,38.3550033817,1500 -0.469184889154,38.3521566825,1500 -0.468153573647,38.349122845,1500 -0.467806966639,38.3459940682,1500 -0.468155512136,38.3428654244,1500 -0.469188532322,38.3398319696,1500 -0.470874562554,38.3369858568,1500 -0.473162316651,38.334413537,1500 -0.475982252067,38.3321931366,1500 -0.47924868655,38.3303920866,1500 -0.482862401533,38.3290650787,1500 -0.486713653177,38.328252407,1500 -0.4906855,38.3279787467,1500 -0.494657346823,38.328252407,1500 -0.498508598467,38.3290650787,1500 -0.50212231345,38.3303920866,1500 -0.505388747933,38.3321931366,1500 -0.508208683349,38.334413537,1500 -0.510496437446,38.3369858568,1500 -0.512182467678,38.3398319696,1500 -0.513215487864,38.3428654244,1500 -0.513564033361,38.3459940682,1500 -0.513217426353,38.349122845,1500 -0.512186110846,38.3521566825,1500 -0.510501345873,38.3550033817,1500 -0.508214265007,38.3575764207,1500 -0.50539432959,38.3597975866,1500 -0.502127221878,38.3615993559,1500 -0.498512241636,38.3629269501,1500 -0.494659285312,38.3637400046,1500</coordinates>
                        </LinearRing>
                    </outerBoundaryIs>
                </Polygon>
            </MultiGeometry>
        </Placemark>
        <Placemark id="feat_6">
            <Style id="stylesel_1">
                <LineStyle id="substyle_3">
                    <color>e600ffff</color>
                    <colorMode>normal</colorMode>
                </LineStyle>
                <PolyStyle id="substyle_2">
                    <color>c800ffff</color>
                    <colorMode>normal</colorMode>
                    <fill>1</fill>
                    <outline>1</outline>
                </PolyStyle>
            </Style>
            <name>9</name>
            <MultiGeometry id="geom_4">
                <Polygon id="geom_5">
                    <extrude>5</extrude>
                    <altitudeMode>relativeToGround</altitudeMode>
                    <outerBoundaryIs>
                        <LinearRing id="geom_7">
                            <coordinates>-2.4637136,36.9241570784,1500 -2.44422482345,36.9227865176,1500 -2.42533024129,36.9187166217,1500 -2.40760574652,36.9120714633,1500 -2.39159121561,36.9030535811,1500 -2.3777739442,36.8919377499,1500 -2.36657375661,36.8790625379,1500 -2.35833025136,36.8648199208,1500 -2.35329257008,36.8496432787,1500 -2.3516119895,36.8339941525,1500 -2.35333754195,36.8183481721,1500 -2.35841477087,36.8031805879,1500 -2.36668762951,36.7889518485,1500 -2.3779034358,36.77609366,1500 -2.39172070732,36.7649959448,1500 -2.40771961973,36.7559950861,1500 -2.42541476113,36.7493638054,1500 -2.44426979554,36.7453029676,1500 -2.4637136,36.7439355526,1500 -2.48315740446,36.7453029676,1500 -2.50201243887,36.7493638054,1500 -2.51970758027,36.7559950861,1500 -2.53570649268,36.7649959448,1500 -2.5495237642,36.77609366,1500 -2.56073957049,36.7889518485,1500 -2.56901242913,36.8031805879,1500 -2.57408965805,36.8183481721,1500 -2.5758152105,36.8339941525,1500 -2.57413462992,36.8496432787,1500 -2.56909694864,36.8648199208,1500 -2.56085344339,36.8790625379,1500 -2.5496532558,36.8919377499,1500 -2.53583598439,36.9030535811,1500 -2.51982145348,36.9120714633,1500 -2.50209695871,36.9187166217,1500 -2.48320237655,36.9227865176,1500</coordinates>
                        </LinearRing>
                    </outerBoundaryIs>
                </Polygon>
            </MultiGeometry>
        </Placemark>
        <Placemark id="feat_10">
            <Style id="stylesel_2">
                <LineStyle id="substyle_5">
                    <color>e600ffff</color>
                    <colorMode>normal</colorMode>
                </LineStyle>
                <PolyStyle id="substyle_4">
                    <color>c800ffff</color>
                    <colorMode>normal</colorMode>
                    <fill>1</fill>
                    <outline>1</outline>
                </PolyStyle>
            </Style>
            <name>0</name>
            <MultiGeometry id="geom_8">
                <Polygon id="geom_9">
                    <extrude>5</extrude>
                    <altitudeMode>relativeToGround</altitudeMode>
                    <outerBoundaryIs>
                        <LinearRing id="geom_11">
                            <coordinates>-4.6812086,40.6656901664,1500 -4.67915502653,40.6655533396,1500 -4.6771638744,40.665147018,1500 -4.67529566534,40.6644835523,1500 -4.67360717995,40.6635831088,1500 -4.67214973051,40.6624730557,1500 -4.6709676009,40.6611871309,1500 -4.67009670097,40.6597644153,1500 -4.66956347658,40.6582481446,1500 -4.66938410787,40.6566843946,1500 -4.66956402036,40.6551206807,1500 -4.67009772295,40.6536045139,1500 -4.6709689778,40.6521819575,1500 -4.67215129627,40.6508962279,1500 -4.67360874571,40.6497863827,1500 -4.67529704225,40.6488861344,1500 -4.67716489638,40.6482228279,1500 -4.67915557032,40.6478166103,1500 -4.6812086,40.6476798195,1500 -4.68326162968,40.6478166103,1500 -4.68525230362,40.6482228279,1500 -4.68712015775,40.6488861344,1500 -4.68880845429,40.6497863827,1500 -4.69026590373,40.6508962279,1500 -4.6914482222,40.6521819575,1500 -4.69231947705,40.6536045139,1500 -4.69285317964,40.6551206807,1500 -4.69303309213,40.6566843946,1500 -4.69285372342,40.6582481446,1500 -4.69232049903,40.6597644153,1500 -4.6914495991,40.6611871309,1500 -4.69026746949,40.6624730557,1500 -4.68881002005,40.6635831088,1500 -4.68712153466,40.6644835523,1500 -4.6852533256,40.665147018,1500 -4.68326217347,40.6655533396,1500</coordinates>
                        </LinearRing>
                    </outerBoundaryIs>
                </Polygon>
            </MultiGeometry>
        </Placemark>
        <Placemark id="feat_14">
            <Style id="stylesel_3">
                <LineStyle id="substyle_7">
                    <color>e600ffff</color>
                    <colorMode>normal</colorMode>
                </LineStyle>
                <PolyStyle id="substyle_6">
                    <color>c800ffff</color>
                    <colorMode>normal</colorMode>
                    <fill>1</fill>
                    <outline>1</outline>
                </PolyStyle>
            </Style>
            <name>1</name>
            <MultiGeometry id="geom_12">
                <Polygon id="geom_13">
                    <extrude>5</extrude>
                    <altitudeMode>relativeToGround</altitudeMode>
                    <outerBoundaryIs>
                        <LinearRing id="geom_15">
                            <coordinates>2.1734035,41.4030719353,1500 2.17755672437,41.4027982783,1500 2.18158365324,41.4019856288,1500 2.18536184081,41.4006586981,1500 2.1887764223,41.3988578337,1500 2.19172361206,41.3966377903,1500 2.19411386128,41.3940660612,1500 2.19587457891,41.3912208233,1500 2.19695233295,41.3881885571,1500 2.197314466,41.3850614158,1500 2.19695007663,41.3819344226,1500 2.19587033841,41.3789025829,1500 2.19410814807,41.3760579983,1500 2.19171711524,41.3734870707,1500 2.18876992548,41.3712678803,1500 2.1853561276,41.3694678174,1500 2.18157941274,41.3681415401,1500 2.17755446805,41.3673293171,1500 2.1734035,41.3670558081,1500 2.16925253195,41.3673293171,1500 2.16522758726,41.3681415401,1500 2.1614508724,41.3694678174,1500 2.15803707452,41.3712678803,1500 2.15508988476,41.3734870707,1500 2.15269885193,41.3760579983,1500 2.15093666159,41.3789025829,1500 2.14985692337,41.3819344226,1500 2.149492534,41.3850614158,1500 2.14985466705,41.3881885571,1500 2.15093242109,41.3912208233,1500 2.15269313872,41.3940660612,1500 2.15508338794,41.3966377903,1500 2.1580305777,41.3988578337,1500 2.16144515919,41.4006586981,1500 2.16522334676,41.4019856288,1500 2.16925027563,41.4027982783,1500</coordinates>
                        </LinearRing>
                    </outerBoundaryIs>
                </Polygon>
            </MultiGeometry>
        </Placemark>
        <Placemark id="feat_18">
            <Style id="stylesel_4">
                <LineStyle id="substyle_9">
                    <color>e600ffff</color>
                    <colorMode>normal</colorMode>
                </LineStyle>
                <PolyStyle id="substyle_8">
                    <color>c800ffff</color>
                    <colorMode>normal</colorMode>
                    <fill>1</fill>
                    <outline>1</outline>
                </PolyStyle>
            </Style>
            <name>0</name>
            <MultiGeometry id="geom_16">
                <Polygon id="geom_17">
                    <extrude>5</extrude>
                    <altitudeMode>relativeToGround</altitudeMode>
                    <outerBoundaryIs>
                        <LinearRing id="geom_19">
                            <coordinates>2.1734035,41.3940679247,1500 2.17547982998,41.3939311147,1500 2.17749304627,41.3935248433,1500 2.17938195591,41.3928614597,1500 2.18108914874,41.3919611277,1500 2.18256274372,41.3908512127,1500 2.18375796643,41.3895654483,1500 2.18463850947,41.388142911,1500 2.18517763462,41.3866268312,1500 2.18535898323,41.3850632789,1500 2.18517707054,41.3834997638,1500 2.18463744935,41.3819837906,1500 2.18375653812,41.3805614166,1500 2.18256111951,41.3792758526,1500 2.18108752453,41.3781661508,1500 2.17938052761,41.3772660192,1500 2.17749198615,41.3766027989,1500 2.1754792659,41.3761966341,1500 2.1734035,41.3760598611,1500 2.1713277341,41.3761966341,1500 2.16931501385,41.3766027989,1500 2.16742647239,41.3772660192,1500 2.16571947547,41.3781661508,1500 2.16424588049,41.3792758526,1500 2.16305046188,41.3805614166,1500 2.16216955065,41.3819837906,1500 2.16162992946,41.3834997638,1500 2.16144801677,41.3850632789,1500 2.16162936538,41.3866268312,1500 2.16216849053,41.388142911,1500 2.16304903357,41.3895654483,1500 2.16424425628,41.3908512127,1500 2.16571785126,41.3919611277,1500 2.16742504409,41.3928614597,1500 2.16931395373,41.3935248433,1500 2.17132717002,41.3939311147,1500</coordinates>
                        </LinearRing>
                    </outerBoundaryIs>
                </Polygon>
            </MultiGeometry>
        </Placemark>
        <Placemark id="feat_22">
            <Style id="stylesel_5">
                <LineStyle id="substyle_11">
                    <color>e600ffff</color>
                    <colorMode>normal</colorMode>
                </LineStyle>
                <PolyStyle id="substyle_10">
                    <color>c800ffff</color>
                    <colorMode>normal</colorMode>
                    <fill>1</fill>
                    <outline>1</outline>
                </PolyStyle>
            </Style>
            <name>1</name>
            <MultiGeometry id="geom_20">
                <Polygon id="geom_21">
                    <extrude>5</extrude>
                    <altitudeMode>relativeToGround</altitudeMode>
                    <outerBoundaryIs>
                        <LinearRing id="geom_23">
                            <coordinates>-5.7642172,40.4051276617,1500 -5.76012594112,40.4048539597,1500 -5.75615908998,40.4040411766,1500 -5.75243726254,40.4027140269,1500 -5.74907360785,40.4009128639,1500 -5.74617036247,40.39869245,1500 -5.74381573997,40.3961202884,1500 -5.74208125065,40.3932745679,1500 -5.74101953281,40.3902417828,1500 -5.74066276101,40.3871141011,1500 -5.74102167874,40.3839865625,1500 -5.74208528367,40.380954189,1500 -5.74382117365,40.3781090993,1500 -5.74617654143,40.3755377114,1500 -5.74907978681,40.3733181207,1500 -5.75244269622,40.3715177314,1500 -5.75616312301,40.3701912125,1500 -5.76012808705,40.369378841,1500 -5.7642172,40.369105282,1500 -5.76830631295,40.369378841,1500 -5.77227127699,40.3701912125,1500 -5.77599170378,40.3715177314,1500 -5.77935461319,40.3733181207,1500 -5.78225785857,40.3755377114,1500 -5.78461322635,40.3781090993,1500 -5.78634911633,40.380954189,1500 -5.78741272126,40.3839865625,1500 -5.78777163899,40.3871141011,1500 -5.78741486719,40.3902417828,1500 -5.78635314935,40.3932745679,1500 -5.78461866003,40.3961202884,1500 -5.78226403753,40.39869245,1500 -5.77936079215,40.4009128639,1500 -5.77599713746,40.4027140269,1500 -5.77227531002,40.4040411766,1500 -5.76830845888,40.4048539597,1500</coordinates>
                        </LinearRing>
                    </outerBoundaryIs>
                </Polygon>
            </MultiGeometry>
        </Placemark>
        <Placemark id="feat_26">
            <Style id="stylesel_6">
                <LineStyle id="substyle_13">
                    <color>e600ffff</color>
                    <colorMode>normal</colorMode>
                </LineStyle>
                <PolyStyle id="substyle_12">
                    <color>c800ffff</color>
                    <colorMode>normal</colorMode>
                    <fill>1</fill>
                    <outline>1</outline>
                </PolyStyle>
            </Style>
            <name>0</name>
            <MultiGeometry id="geom_24">
                <Polygon id="geom_25">
                    <extrude>5</extrude>
                    <altitudeMode>relativeToGround</altitudeMode>
                    <outerBoundaryIs>
                        <LinearRing id="geom_27">
                            <coordinates>-2.9349852,43.2720136662,1500 -2.93284616274,43.2718768999,1500 -2.93077214706,43.2714707583,1500 -2.92882619551,43.270807587,1500 -2.92706745311,43.269907544,1500 -2.92554936808,43.2687979863,1500 -2.92431806667,43.2675126375,1500 -2.9234109516,43.266090562,1500 -2.92285556681,43.2645749767,1500 -2.92266876277,43.263011937,1500 -2.92285618741,43.2614489368,1500 -2.92341211794,43.2599334654,1500 -2.92431963808,43.2585115644,1500 -2.92555115502,43.2572264296,1500 -2.92706924005,43.2561170997,1500 -2.92882776692,43.2552172708,1500 -2.93077331341,43.254554274,1500 -2.93284678334,43.2541482464,1500 -2.9349852,43.2540115196,1500 -2.93712361666,43.2541482464,1500 -2.93919708659,43.254554274,1500 -2.94114263308,43.2552172708,1500 -2.94290115995,43.2561170997,1500 -2.94441924498,43.2572264296,1500 -2.94565076192,43.2585115644,1500 -2.94655828206,43.2599334654,1500 -2.94711421259,43.2614489368,1500 -2.94730163723,43.263011937,1500 -2.94711483319,43.2645749767,1500 -2.9465594484,43.266090562,1500 -2.94565233333,43.2675126375,1500 -2.94442103192,43.2687979863,1500 -2.94290294689,43.269907544,1500 -2.94114420449,43.270807587,1500 -2.93919825294,43.2714707583,1500 -2.93712423726,43.2718768999,1500</coordinates>
                        </LinearRing>
                    </outerBoundaryIs>
                </Polygon>
            </MultiGeometry>
        </Placemark>
        <Placemark id="feat_30">
            <Style id="stylesel_7">
                <LineStyle id="substyle_15">
                    <color>e600ffff</color>
                    <colorMode>normal</colorMode>
                </LineStyle>
                <PolyStyle id="substyle_14">
                    <color>c800ffff</color>
                    <colorMode>normal</colorMode>
                    <fill>1</fill>
                    <outline>1</outline>
                </PolyStyle>
            </Style>
            <name>0</name>
            <MultiGeometry id="geom_28">
                <Polygon id="geom_29">
                    <extrude>5</extrude>
                    <altitudeMode>relativeToGround</altitudeMode>
                    <outerBoundaryIs>
                        <LinearRing id="geom_31">
                            <coordinates>-3.696906,42.3529950162,1500 -3.69479840095,42.3528582285,1500 -3.69275486696,42.3524520233,1500 -3.69083751328,42.351788748,1500 -3.68910461517,42.3508885634,1500 -3.68760883513,42.3497788306,1500 -3.68639562167,42.3484932782,1500 -3.68550182839,42.3470709764,1500 -3.68495459529,42.3455551487,1500 -3.68477052626,42.3439918578,1500 -3.68495518744,42.3424286052,1500 -3.68550294127,42.3409128878,1500 -3.68639712105,42.339490755,1500 -3.68761054015,42.3382054098,1500 -3.68910632019,42.3370958976,1500 -3.69083901266,42.3361959203,1500 -3.69275597984,42.3355328139,1500 -3.6947989931,42.335126719,1500 -3.696906,42.3349899696,1500 -3.6990130069,42.335126719,1500 -3.70105602016,42.3355328139,1500 -3.70297298734,42.3361959203,1500 -3.70470567981,42.3370958976,1500 -3.70620145985,42.3382054098,1500 -3.70741487895,42.339490755,1500 -3.70830905873,42.3409128878,1500 -3.70885681256,42.3424286052,1500 -3.70904147374,42.3439918578,1500 -3.70885740471,42.3455551487,1500 -3.70831017161,42.3470709764,1500 -3.70741637833,42.3484932782,1500 -3.70620316487,42.3497788306,1500 -3.70470738483,42.3508885634,1500 -3.70297448672,42.351788748,1500 -3.70105713304,42.3524520233,1500 -3.69901359905,42.3528582285,1500</coordinates>
                        </LinearRing>
                    </outerBoundaryIs>
                </Polygon>
            </MultiGeometry>
        </Placemark>
        <Placemark id="feat_34">
            <Style id="stylesel_8">
                <LineStyle id="substyle_17">
                    <color>e600ffff</color>
                    <colorMode>normal</colorMode>
                </LineStyle>
                <PolyStyle id="substyle_16">
                    <color>c800ffff</color>
                    <colorMode>normal</colorMode>
                    <fill>1</fill>
                    <outline>1</outline>
                </PolyStyle>
            </Style>
            <name>79</name>
            <MultiGeometry id="geom_32">
                <Polygon id="geom_33">
                    <extrude>5</extrude>
                    <altitudeMode>relativeToGround</altitudeMode>
                    <outerBoundaryIs>
                        <LinearRing id="geom_35">
                            <coordinates>-6.3724247,40.1957929027,1500 -6.20930855435,40.184733526,1500 -6.05130211371,40.1519018835,1500 -5.90334047676,40.098325578,1500 -5.77001740211,40.0256782901,1500 -5.65543370373,39.9362231406,1500 -5.56306688495,39.8327369442,1500 -5.49566659269,39.7184185679,1500 -5.45517875652,39.5967851044,1500 -5.44269956211,39.4715598281,1500 -5.45845886288,39.3465559402,1500 -5.50183137427,39.2255599581,1500 -5.57137308164,39.1122183142,1500 -5.66487973261,39.0099303469,1500 -5.77946403821,38.9217504344,1500 -5.911648211,38.8503015791,1500 -6.05746864373,38.7977023177,1500 -6.21258980192,38.7655084309,1500 -6.3724247,38.7546705509,1500 -6.53225959808,38.7655084309,1500 -6.68738075627,38.7977023177,1500 -6.833201189,38.8503015791,1500 -6.96538536179,38.9217504344,1500 -7.07996966739,39.0099303469,1500 -7.17347631836,39.1122183142,1500 -7.24301802573,39.2255599581,1500 -7.28639053712,39.3465559402,1500 -7.30214983789,39.4715598281,1500 -7.28967064348,39.5967851044,1500 -7.24918280731,39.7184185679,1500 -7.18178251505,39.8327369442,1500 -7.08941569627,39.9362231406,1500 -6.97483199789,40.0256782901,1500 -6.84150892324,40.098325578,1500 -6.69354728629,40.1519018835,1500 -6.53554084565,40.184733526,1500</coordinates>
                        </LinearRing>
                    </outerBoundaryIs>
                </Polygon>
            </MultiGeometry>
        </Placemark>
        <Placemark id="feat_38">
            <Style id="stylesel_9">
                <LineStyle id="substyle_19">
                    <color>e600ffff</color>
                    <colorMode>normal</colorMode>
                </LineStyle>
                <PolyStyle id="substyle_18">
                    <color>c800ffff</color>
                    <colorMode>normal</colorMode>
                    <fill>1</fill>
                    <outline>1</outline>
                </PolyStyle>
            </Style>
            <name>2</name>
            <MultiGeometry id="geom_36">
                <Polygon id="geom_37">
                    <extrude>5</extrude>
                    <altitudeMode>relativeToGround</altitudeMode>
                    <outerBoundaryIs>
                        <LinearRing id="geom_39">
                            <coordinates>-0.9965839,37.6527122448,1500 -0.990680547211,37.6523014586,1500 -0.984956754943,37.6510815946,1500 -0.979586604891,37.6490897556,1500 -0.974733390351,37.6463865209,1500 -0.970544639668,37.6430540979,1500 -0.967147625729,37.6391938166,1500 -0.964645498886,37.6349230406,1500 -0.96311416081,37.6303715934,1500 -0.962599973271,37.6256778062,1500 -0.963118369646,37.6209843104,1500 -0.96465340891,37.6164337022,1500 -0.967158282876,37.6121642117,1500 -0.970556758529,37.6083055072,1500 -0.974745509213,37.6049747623,1500 -0.979597262041,37.6022731044,1500 -0.98496466497,37.6002825509,1500 -0.990684756049,37.5990635259,1500 -0.9965839,37.598653031,1500 -1.00248304395,37.5990635259,1500 -1.00820313503,37.6002825509,1500 -1.01357053796,37.6022731044,1500 -1.01842229079,37.6049747623,1500 -1.02261104147,37.6083055072,1500 -1.02600951712,37.6121642117,1500 -1.02851439109,37.6164337022,1500 -1.03004943035,37.6209843104,1500 -1.03056782673,37.6256778062,1500 -1.03005363919,37.6303715934,1500 -1.02852230111,37.6349230406,1500 -1.02602017427,37.6391938166,1500 -1.02262316033,37.6430540979,1500 -1.01843440965,37.6463865209,1500 -1.01358119511,37.6490897556,1500 -1.00821104506,37.6510815946,1500 -1.00248725279,37.6523014586,1500</coordinates>
                        </LinearRing>
                    </outerBoundaryIs>
                </Polygon>
            </MultiGeometry>
        </Placemark>
        <Placemark id="feat_42">
            <Style id="stylesel_10">
                <LineStyle id="substyle_21">
                    <color>e600ffff</color>
                    <colorMode>normal</colorMode>
                </LineStyle>
                <PolyStyle id="substyle_20">
                    <color>c800ffff</color>
                    <colorMode>normal</colorMode>
                    <fill>1</fill>
                    <outline>1</outline>
                </PolyStyle>
            </Style>
            <name>0</name>
            <MultiGeometry id="geom_40">
                <Polygon id="geom_41">
                    <extrude>5</extrude>
                    <altitudeMode>relativeToGround</altitudeMode>
                    <outerBoundaryIs>
                        <LinearRing id="geom_43">
                            <coordinates>0.6200146,41.6265935595,1500 0.622098372997,41.6264567549,1500 0.624118805845,41.6260504995,1500 0.626014486061,41.6253871421,1500 0.627727797553,41.6244868458,1500 0.629206673277,41.6233769749,1500 0.630406178352,41.6220912619,1500 0.631289875378,41.6206687816,1500 0.631830930487,41.6191527628,1500 0.632012926646,41.6175892739,1500 0.631830359745,41.6160258223,1500 0.631288802733,41.614509911,1500 0.630404733181,41.6130875954,1500 0.629205029889,41.6118020844,1500 0.627726154165,41.6106924285,1500 0.62601304089,41.6097923342,1500 0.6241177332,41.6091291415,1500 0.622097802254,41.6087229937,1500 0.6200146,41.6085862264,1500 0.617931397746,41.6087229937,1500 0.6159114668,41.6091291415,1500 0.61401615911,41.6097923342,1500 0.612303045835,41.6106924285,1500 0.610824170111,41.6118020844,1500 0.609624466819,41.6130875954,1500 0.608740397267,41.614509911,1500 0.608198840255,41.6160258223,1500 0.608016273354,41.6175892739,1500 0.608198269513,41.6191527628,1500 0.608739324622,41.6206687816,1500 0.609623021648,41.6220912619,1500 0.610822526723,41.6233769749,1500 0.612301402447,41.6244868458,1500 0.614014713939,41.6253871421,1500 0.615910394155,41.6260504995,1500 0.617930827003,41.6264567549,1500</coordinates>
                        </LinearRing>
                    </outerBoundaryIs>
                </Polygon>
            </MultiGeometry>
        </Placemark>
        <Placemark id="feat_46">
            <Style id="stylesel_11">
                <LineStyle id="substyle_23">
                    <color>e600ffff</color>
                    <colorMode>normal</colorMode>
                </LineStyle>
                <PolyStyle id="substyle_22">
                    <color>c800ffff</color>
                    <colorMode>normal</colorMode>
                    <fill>1</fill>
                    <outline>1</outline>
                </PolyStyle>
            </Style>
            <name>0</name>
            <MultiGeometry id="geom_44">
                <Polygon id="geom_45">
                    <extrude>5</extrude>
                    <altitudeMode>relativeToGround</altitudeMode>
                    <outerBoundaryIs>
                        <LinearRing id="geom_47">
                            <coordinates>-2.4449852,42.4717218291,1500 -2.44287362219,42.4715850442,1500 -2.44082623049,42.4711788472,1500 -2.43890525751,42.4705155853,1500 -2.43716908859,42.469615419,1500 -2.43567048567,42.4685057088,1500 -2.43445498303,42.4672201826,1500 -2.43355950376,42.46579791,1500 -2.43301123898,42.4642821136,1500 -2.43282682381,42.4627188552,1500 -2.43301183472,42.4611556351,1500 -2.43356062338,42.4596399495,1500 -2.43445649149,42.4582178465,1500 -2.43567220103,42.4569325285,1500 -2.43717080395,42.4558230398,1500 -2.43890676597,42.4549230816,1500 -2.44082735011,42.4542599894,1500 -2.44287421793,42.4538539032,1500 -2.4449852,42.4537171567,1500 -2.44709618207,42.4538539032,1500 -2.44914304989,42.4542599894,1500 -2.45106363403,42.4549230816,1500 -2.45279959605,42.4558230398,1500 -2.45429819897,42.4569325285,1500 -2.45551390851,42.4582178465,1500 -2.45640977662,42.4596399495,1500 -2.45695856528,42.4611556351,1500 -2.45714357619,42.4627188552,1500 -2.45695916102,42.4642821136,1500 -2.45641089624,42.46579791,1500 -2.45551541697,42.4672201826,1500 -2.45429991433,42.4685057088,1500 -2.45280131141,42.469615419,1500 -2.45106514249,42.4705155853,1500 -2.44914416951,42.4711788472,1500 -2.44709677781,42.4715850442,1500</coordinates>
                        </LinearRing>
                    </outerBoundaryIs>
                </Polygon>
            </MultiGeometry>
        </Placemark>
        <Placemark id="feat_50">
            <Style id="stylesel_12">
                <LineStyle id="substyle_25">
                    <color>e600ffff</color>
                    <colorMode>normal</colorMode>
                </LineStyle>
                <PolyStyle id="substyle_24">
                    <color>c800ffff</color>
                    <colorMode>normal</colorMode>
                    <fill>1</fill>
                    <outline>1</outline>
                </PolyStyle>
            </Style>
            <name>0</name>
            <MultiGeometry id="geom_48">
                <Polygon id="geom_49">
                    <extrude>5</extrude>
                    <altitudeMode>relativeToGround</altitudeMode>
                    <outerBoundaryIs>
                        <LinearRing id="geom_51">
                            <coordinates>-3.7037902,40.4257809415,1500 -3.70174394084,40.4256441091,1500 -3.69975988048,40.4252377711,1500 -3.69789832491,40.4245742785,1500 -3.69621585238,40.4236737982,1500 -3.69476359239,40.4225636998,1500 -3.69358567111,40.4212777222,1500 -3.69271787065,40.419854948,1500 -3.69218654286,40.4183386146,1500 -3.69200781054,40.4167747997,1500 -3.69218708014,40.4152110205,1500 -3.69271888041,40.4136947901,1500 -3.69358703155,40.4122721737,1500 -3.69476513943,40.4109863898,1500 -3.69621739942,40.4098764974,1500 -3.69789968535,40.4089762108,1500 -3.69976089023,40.408312876,1500 -3.70174447812,40.407906641,1500 -3.7037902,40.4077698444,1500 -3.70583592188,40.407906641,1500 -3.70781950977,40.408312876,1500 -3.70968071465,40.4089762108,1500 -3.71136300058,40.4098764974,1500 -3.71281526057,40.4109863898,1500 -3.71399336845,40.4122721737,1500 -3.71486151959,40.4136947901,1500 -3.71539331986,40.4152110205,1500 -3.71557258946,40.4167747997,1500 -3.71539385714,40.4183386146,1500 -3.71486252935,40.419854948,1500 -3.71399472889,40.4212777222,1500 -3.71281680761,40.4225636998,1500 -3.71136454762,40.4236737982,1500 -3.70968207509,40.4245742785,1500 -3.70782051952,40.4252377711,1500 -3.70583645916,40.4256441091,1500</coordinates>
                        </LinearRing>
                    </outerBoundaryIs>
                </Polygon>
            </MultiGeometry>
        </Placemark>
        <Placemark id="feat_54">
            <Style id="stylesel_13">
                <LineStyle id="substyle_27">
                    <color>e600ffff</color>
                    <colorMode>normal</colorMode>
                </LineStyle>
                <PolyStyle id="substyle_26">
                    <color>c800ffff</color>
                    <colorMode>normal</colorMode>
                    <fill>1</fill>
                    <outline>1</outline>
                </PolyStyle>
            </Style>
            <name>3</name>
            <MultiGeometry id="geom_52">
                <Polygon id="geom_53">
                    <extrude>5</extrude>
                    <altitudeMode>relativeToGround</altitudeMode>
                    <outerBoundaryIs>
                        <LinearRing id="geom_55">
                            <coordinates>-5.8493887,43.3979180544,1500 -5.8408149147,43.39737076,1500 -5.83250209065,43.3957455347,1500 -5.8247032054,43.3930918428,1500 -5.81765551825,43.3894904422,1500 -5.81157332573,43.3850509148,1500 -5.80664143155,43.3799083186,1500 -5.80300953157,43.374219064,1500 -5.80078768448,43.3681561424,1500 -5.80004300339,43.3619038549,1500 -5.80079766456,43.3556522025,1500 -5.80302828799,43.3495911097,1500 -5.80666670201,43.3439046569,1500 -5.81160206224,43.3387654976,1500 -5.81768425476,43.3343296277,1500 -5.82472847588,43.330731664,1500 -5.83252084709,43.3280807739,1500 -5.84082489479,43.3264573774,1500 -5.8493887,43.3259107181,1500 -5.85795250521,43.3264573774,1500 -5.86625655291,43.3280807739,1500 -5.87404892412,43.330731664,1500 -5.88109314524,43.3343296277,1500 -5.88717533776,43.3387654976,1500 -5.89211069799,43.3439046569,1500 -5.89574911201,43.3495911097,1500 -5.89797973544,43.3556522025,1500 -5.89873439661,43.3619038549,1500 -5.89798971552,43.3681561424,1500 -5.89576786843,43.374219064,1500 -5.89213596845,43.3799083186,1500 -5.88720407427,43.3850509148,1500 -5.88112188175,43.3894904422,1500 -5.8740741946,43.3930918428,1500 -5.86627530935,43.3957455347,1500 -5.8579624853,43.39737076,1500</coordinates>
                        </LinearRing>
                    </outerBoundaryIs>
                </Polygon>
            </MultiGeometry>
        </Placemark>
        <Placemark id="feat_58">
            <Style id="stylesel_14">
                <LineStyle id="substyle_29">
                    <color>e600ffff</color>
                    <colorMode>normal</colorMode>
                </LineStyle>
                <PolyStyle id="substyle_28">
                    <color>c800ffff</color>
                    <colorMode>normal</colorMode>
                    <fill>1</fill>
                    <outline>1</outline>
                </PolyStyle>
            </Style>
            <name>0</name>
            <MultiGeometry id="geom_56">
                <Polygon id="geom_57">
                    <extrude>5</extrude>
                    <altitudeMode>relativeToGround</altitudeMode>
                    <outerBoundaryIs>
                        <LinearRing id="geom_59">
                            <coordinates>-4.5288016,42.0186887427,1500 -4.52670507565,42.0185519473,1500 -4.52467227941,42.018145719,1500 -4.52276499987,42.0174824058,1500 -4.5210412059,42.0165821698,1500 -4.51955328322,42.0154723734,1500 -4.51834644162,42.014186747,1500 -4.51745734121,42.012764363,1500 -4.51691297972,42.0112484474,1500 -4.51672987419,42.0096850653,1500 -4.51691356191,42.008121721,1500 -4.51745843536,42.0066059143,1500 -4.51834791576,42.0051836973,1500 -4.51955495956,42.0038982758,1500 -4.52104288223,42.0027886973,1500 -4.52276647401,42.0018886662,1500 -4.52467337355,42.00122552,1500 -4.52670565783,42.0008194007,1500 -4.5288016,42.0006826431,1500 -4.53089754217,42.0008194007,1500 -4.53292982645,42.00122552,1500 -4.53483672599,42.0018886662,1500 -4.53656031777,42.0027886973,1500 -4.53804824044,42.0038982758,1500 -4.53925528424,42.0051836973,1500 -4.54014476464,42.0066059143,1500 -4.54068963809,42.008121721,1500 -4.54087332581,42.0096850653,1500 -4.54069022028,42.0112484474,1500 -4.54014585879,42.012764363,1500 -4.53925675838,42.014186747,1500 -4.53804991678,42.0154723734,1500 -4.5365619941,42.0165821698,1500 -4.53483820013,42.0174824058,1500 -4.53293092059,42.018145719,1500 -4.53089812435,42.0185519473,1500</coordinates>
                        </LinearRing>
                    </outerBoundaryIs>
                </Polygon>
            </MultiGeometry>
        </Placemark>
        <Placemark id="feat_62">
            <Style id="stylesel_15">
                <LineStyle id="substyle_31">
                    <color>e600ffff</color>
                    <colorMode>normal</colorMode>
                </LineStyle>
                <PolyStyle id="substyle_30">
                    <color>c800ffff</color>
                    <colorMode>normal</colorMode>
                    <fill>1</fill>
                    <outline>1</outline>
                </PolyStyle>
            </Style>
            <name>0</name>
            <MultiGeometry id="geom_60">
                <Polygon id="geom_61">
                    <extrude>5</extrude>
                    <altitudeMode>relativeToGround</altitudeMode>
                    <outerBoundaryIs>
                        <LinearRing id="geom_63">
                            <coordinates>-1.6457745,42.8215277774,1500 -1.64365105817,42.8213910006,1500 -1.64159216342,42.8209848278,1500 -1.63966039829,42.8203216055,1500 -1.63791447636,42.8194214931,1500 -1.63640745607,42.8183118495,1500 -1.63518512746,42.8170264009,1500 -1.63428462086,42.8156042144,1500 -1.63373327983,42.8140885102,1500 -1.63354783252,42.8125253473,1500 -1.63373388628,42.8109622233,1500 -1.63428576062,42.8094466312,1500 -1.63518666306,42.8080246165,1500 -1.63640920229,42.8067393785,1500 -1.63791622258,42.8056299592,1500 -1.63966193389,42.8047300575,1500 -1.64159330318,42.8040670069,1500 -1.64365166463,42.8036609463,1500 -1.6457745,42.8035242084,1500 -1.64789733537,42.8036609463,1500 -1.64995569682,42.8040670069,1500 -1.65188706611,42.8047300575,1500 -1.65363277742,42.8056299592,1500 -1.65513979771,42.8067393785,1500 -1.65636233694,42.8080246165,1500 -1.65726323938,42.8094466312,1500 -1.65781511372,42.8109622233,1500 -1.65800116748,42.8125253473,1500 -1.65781572017,42.8140885102,1500 -1.65726437914,42.8156042144,1500 -1.65636387254,42.8170264009,1500 -1.65514154393,42.8183118495,1500 -1.65363452364,42.8194214931,1500 -1.65188860171,42.8203216055,1500 -1.64995683658,42.8209848278,1500 -1.64789794183,42.8213910006,1500</coordinates>
                        </LinearRing>
                    </outerBoundaryIs>
                </Polygon>
            </MultiGeometry>
        </Placemark>
        <Placemark id="feat_66">
            <Style id="stylesel_16">
                <LineStyle id="substyle_33">
                    <color>e600ffff</color>
                    <colorMode>normal</colorMode>
                </LineStyle>
                <PolyStyle id="substyle_32">
                    <color>c800ffff</color>
                    <colorMode>normal</colorMode>
                    <fill>1</fill>
                    <outline>1</outline>
                </PolyStyle>
            </Style>
            <name>1</name>
            <MultiGeometry id="geom_64">
                <Polygon id="geom_65">
                    <extrude>5</extrude>
                    <altitudeMode>relativeToGround</altitudeMode>
                    <outerBoundaryIs>
                        <LinearRing id="geom_67">
                            <coordinates>-6.598259,42.5680001688,1500 -6.5940293652,42.5677265644,1500 -6.58992835381,42.5669140714,1500 -6.58608066801,42.565587397,1500 -6.58260328831,42.5637868825,1500 -6.57960191059,42.5615672731,1500 -6.57716773013,42.5589960507,1500 -6.57537467066,42.5561513783,1500 -6.57427714281,42.5531197205,1500 -6.57390839935,42.5499932128,1500 -6.57427953637,42.5468668594,1500 -6.57537916909,42.5438356459,1500 -6.57717379085,42.5409916543,1500 -6.57960880258,42.538421267,1500 -6.5826101803,42.5362025463,1500 -6.58608672873,42.5344028668,1500 -6.58993285224,42.5330768732,1500 -6.59403175877,42.5322648245,1500 -6.598259,42.5319913744,1500 -6.60248624123,42.5322648245,1500 -6.60658514776,42.5330768732,1500 -6.61043127127,42.5344028668,1500 -6.6139078197,42.5362025463,1500 -6.61690919742,42.538421267,1500 -6.61934420915,42.5409916543,1500 -6.62113883091,42.5438356459,1500 -6.62223846363,42.5468668594,1500 -6.62260960065,42.5499932128,1500 -6.62224085719,42.5531197205,1500 -6.62114332934,42.5561513783,1500 -6.61935026987,42.5589960507,1500 -6.61691608941,42.5615672731,1500 -6.61391471169,42.5637868825,1500 -6.61043733199,42.565587397,1500 -6.60658964619,42.5669140714,1500 -6.6024886348,42.5677265644,1500</coordinates>
                        </LinearRing>
                    </outerBoundaryIs>
                </Polygon>
            </MultiGeometry>
        </Placemark>
        <Placemark id="feat_70">
            <Style id="stylesel_17">
                <LineStyle id="substyle_35">
                    <color>e600ffff</color>
                    <colorMode>normal</colorMode>
                </LineStyle>
                <PolyStyle id="substyle_34">
                    <color>c800ffff</color>
                    <colorMode>normal</colorMode>
                    <fill>1</fill>
                    <outline>1</outline>
                </PolyStyle>
            </Style>
            <name>0</name>
            <MultiGeometry id="geom_68">
                <Polygon id="geom_69">
                    <extrude>5</extrude>
                    <altitudeMode>relativeToGround</altitudeMode>
                    <outerBoundaryIs>
                        <LinearRing id="geom_71">
                            <coordinates>-5.6635397,40.9791085756,1500 -5.66147643696,40.978971756,1500 -5.65947589006,40.978565456,1500 -5.65759886683,40.9779020256,1500 -5.65590241593,40.9770016301,1500 -5.65443809183,40.9758916363,1500 -5.65325038726,40.9746057805,1500 -5.65237538135,40.9731831415,1500 -5.65183964444,40.9716669529,1500 -5.65165943271,40.9701032879,1500 -5.65184019686,40.9685396594,1500 -5.65237641955,40.9670235758,1500 -5.65325178601,40.9656010979,1500 -5.65443968244,40.9643154395,1500 -5.65590400654,40.9632056558,1500 -5.65760026559,40.9623054577,1500 -5.65947692826,40.9616421883,1500 -5.66147698937,40.9612359934,1500 -5.6635397,40.9610992102,1500 -5.66560241063,40.9612359934,1500 -5.66760247174,40.9616421883,1500 -5.66947913441,40.9623054577,1500 -5.67117539346,40.9632056558,1500 -5.67263971756,40.9643154395,1500 -5.67382761399,40.9656010979,1500 -5.67470298045,40.9670235758,1500 -5.67523920314,40.9685396594,1500 -5.67541996729,40.9701032879,1500 -5.67523975556,40.9716669529,1500 -5.67470401865,40.9731831415,1500 -5.67382901274,40.9746057805,1500 -5.67264130817,40.9758916363,1500 -5.67117698407,40.9770016301,1500 -5.66948053317,40.9779020256,1500 -5.66760350994,40.978565456,1500 -5.66560296304,40.978971756,1500</coordinates>
                        </LinearRing>
                    </outerBoundaryIs>
                </Polygon>
            </MultiGeometry>
        </Placemark>
        <Placemark id="feat_74">
            <Style id="stylesel_18">
                <LineStyle id="substyle_37">
                    <color>e600ffff</color>
                    <colorMode>normal</colorMode>
                </LineStyle>
                <PolyStyle id="substyle_36">
                    <color>c800ffff</color>
                    <colorMode>normal</colorMode>
                    <fill>1</fill>
                    <outline>1</outline>
                </PolyStyle>
            </Style>
            <name>0</name>
            <MultiGeometry id="geom_72">
                <Polygon id="geom_73">
                    <extrude>5</extrude>
                    <altitudeMode>relativeToGround</altitudeMode>
                    <outerBoundaryIs>
                        <LinearRing id="geom_75">
                            <coordinates>-1.9812313,43.3273349788,1500 -1.97909032255,43.3271982138,1500 -1.97701442572,43.326792076,1500 -1.97506670926,43.326128911,1500 -1.9733063719,43.3252288765,1500 -1.97178691034,43.3241193294,1500 -1.97055449265,43.3228339929,1500 -1.96964655543,43.321411931,1500 -1.96909066758,43.3198963603,1500 -1.96890369475,43.3183333357,1500 -1.96909128994,43.3167703507,1500 -1.96964772509,43.3152548941,1500 -1.97055606852,43.3138330071,1500 -1.97178870236,43.3125478851,1500 -1.97330816392,43.3114385662,1500 -1.97506828514,43.3105387462,1500 -1.97701559537,43.309875756,1500 -1.97909094492,43.3094697324,1500 -1.9812313,43.309333007,1500 -1.98337165508,43.3094697324,1500 -1.98544700463,43.309875756,1500 -1.98739431486,43.3105387462,1500 -1.98915443608,43.3114385662,1500 -1.99067389764,43.3125478851,1500 -1.99190653148,43.3138330071,1500 -1.99281487491,43.3152548941,1500 -1.99337131006,43.3167703507,1500 -1.99355890525,43.3183333357,1500 -1.99337193242,43.3198963603,1500 -1.99281604457,43.321411931,1500 -1.99190810735,43.3228339929,1500 -1.99067568966,43.3241193294,1500 -1.9891562281,43.3252288765,1500 -1.98739589074,43.326128911,1500 -1.98544817428,43.326792076,1500 -1.98337227745,43.3271982138,1500</coordinates>
                        </LinearRing>
                    </outerBoundaryIs>
                </Polygon>
            </MultiGeometry>
        </Placemark>
        <Placemark id="feat_78">
            <Style id="stylesel_19">
                <LineStyle id="substyle_39">
                    <color>e600ffff</color>
                    <colorMode>normal</colorMode>
                </LineStyle>
                <PolyStyle id="substyle_38">
                    <color>c800ffff</color>
                    <colorMode>normal</colorMode>
                    <fill>1</fill>
                    <outline>1</outline>
                </PolyStyle>
            </Style>
            <name>0</name>
            <MultiGeometry id="geom_76">
                <Polygon id="geom_77">
                    <extrude>5</extrude>
                    <altitudeMode>relativeToGround</altitudeMode>
                    <outerBoundaryIs>
                        <LinearRing id="geom_79">
                            <coordinates>-3.8099803,43.4713064513,1500 -3.8078342473,43.4711696896,1500 -3.80575342963,43.4707635619,1500 -3.80380109646,43.4701004132,1500 -3.80203658692,43.4692004009,1500 -3.80051352454,43.4680908812,1500 -3.79927818681,43.4668055766,1500 -3.798368099,43.4653835503,1500 -3.79781089518,43.4638680175,1500 -3.79762348084,43.4623050324,1500 -3.79781152216,43.460742087,1500 -3.79836927734,43.459226669,1500 -3.79927977438,43.4578048183,1500 -3.80051532986,43.4565197293,1500 -3.80203839223,43.455410439,1500 -3.80380268403,43.4545106423,1500 -3.80575460797,43.4538476694,1500 -3.80783487428,43.4534416563,1500 -3.8099803,43.4533049345,1500 -3.81212572572,43.4534416563,1500 -3.81420599203,43.4538476694,1500 -3.81615791597,43.4545106423,1500 -3.81792220777,43.455410439,1500 -3.81944527014,43.4565197293,1500 -3.82068082562,43.4578048183,1500 -3.82159132266,43.459226669,1500 -3.82214907784,43.460742087,1500 -3.82233711916,43.4623050324,1500 -3.82214970482,43.4638680175,1500 -3.821592501,43.4653835503,1500 -3.82068241319,43.4668055766,1500 -3.81944707546,43.4680908812,1500 -3.81792401308,43.4692004009,1500 -3.81615950354,43.4701004132,1500 -3.81420717037,43.4707635619,1500 -3.8121263527,43.4711696896,1500</coordinates>
                        </LinearRing>
                    </outerBoundaryIs>
                </Polygon>
            </MultiGeometry>
        </Placemark>
        <Placemark id="feat_82">
            <Style id="stylesel_20">
                <LineStyle id="substyle_41">
                    <color>e600ffff</color>
                    <colorMode>normal</colorMode>
                </LineStyle>
                <PolyStyle id="substyle_40">
                    <color>c800ffff</color>
                    <colorMode>normal</colorMode>
                    <fill>1</fill>
                    <outline>1</outline>
                </PolyStyle>
            </Style>
            <name>0</name>
            <MultiGeometry id="geom_80">
                <Polygon id="geom_81">
                    <extrude>5</extrude>
                    <altitudeMode>relativeToGround</altitudeMode>
                    <outerBoundaryIs>
                        <LinearRing id="geom_83">
                            <coordinates>-83.555212,41.6729418866,1500 -83.5531267329,41.6728050831,1500 -83.5511048514,41.6723988309,1500 -83.5492078121,41.6717354787,1500 -83.5474932723,41.6708351896,1500 -83.5460133366,41.6697253275,1500 -83.5448129719,41.6684396247,1500 -83.5439286417,41.6670171558,1500 -83.5433871992,41.6655011492,1500 -83.543205073,41.6639376729,1500 -83.5433877713,41.6623742339,1500 -83.5439297169,41.660858335,1500 -83.5448144204,41.6594360311,1500 -83.5460149838,41.6581505306,1500 -83.5474949196,41.6570408839,1500 -83.5492092606,41.6561407971,1500 -83.5511059266,41.6554776099,1500 -83.553127305,41.6550714654,1500 -83.555212,41.6549346992,1500 -83.557296695,41.6550714654,1500 -83.5593180734,41.6554776099,1500 -83.5612147394,41.6561407971,1500 -83.5629290804,41.6570408839,1500 -83.5644090162,41.6581505306,1500 -83.5656095796,41.6594360311,1500 -83.5664942831,41.660858335,1500 -83.5670362287,41.6623742339,1500 -83.567218927,41.6639376729,1500 -83.5670368008,41.6655011492,1500 -83.5664953583,41.6670171558,1500 -83.5656110281,41.6684396247,1500 -83.5644106634,41.6697253275,1500 -83.5629307277,41.6708351896,1500 -83.5612161879,41.6717354787,1500 -83.5593191486,41.6723988309,1500 -83.5572972671,41.6728050831,1500</coordinates>
                        </LinearRing>
                    </outerBoundaryIs>
                </Polygon>
            </MultiGeometry>
        </Placemark>
        <Placemark id="feat_86">
            <Style id="stylesel_21">
                <LineStyle id="substyle_43">
                    <color>e600ffff</color>
                    <colorMode>normal</colorMode>
                </LineStyle>
                <PolyStyle id="substyle_42">
                    <color>c800ffff</color>
                    <colorMode>normal</colorMode>
                    <fill>1</fill>
                    <outline>1</outline>
                </PolyStyle>
            </Style>
            <name>0</name>
            <MultiGeometry id="geom_84">
                <Polygon id="geom_85">
                    <extrude>5</extrude>
                    <altitudeMode>relativeToGround</altitudeMode>
                    <outerBoundaryIs>
                        <LinearRing id="geom_87">
                            <coordinates>-4.0501505,43.3578512306,1500 -4.04800844994,43.3577144663,1500 -4.04593151313,43.3573083306,1500 -4.04398282097,43.3566451691,1500 -4.04222160186,43.3557451393,1500 -4.0407013793,43.354635598,1500 -4.03946834447,43.3533502683,1500 -4.03855995275,43.3519282139,1500 -4.03800378678,43.3504126512,1500 -4.03781672064,43.348849635,1500 -4.03800441011,43.3472866584,1500 -4.03856112424,43.34577121,1500 -4.03946992282,43.3443493307,1500 -4.04070317412,43.3430642156,1500 -4.04222339669,43.3419549028,1500 -4.04398439932,43.3410550878,1500 -4.04593268462,43.3403921012,1500 -4.04800907328,43.3399860798,1500 -4.0501505,43.3398493552,1500 -4.05229192672,43.3399860798,1500 -4.05436831538,43.3403921012,1500 -4.05631660068,43.3410550878,1500 -4.05807760331,43.3419549028,1500 -4.05959782588,43.3430642156,1500 -4.06083107718,43.3443493307,1500 -4.06173987576,43.34577121,1500 -4.06229658989,43.3472866584,1500 -4.06248427936,43.348849635,1500 -4.06229721322,43.3504126512,1500 -4.06174104725,43.3519282139,1500 -4.06083265553,43.3533502683,1500 -4.0595996207,43.354635598,1500 -4.05807939814,43.3557451393,1500 -4.05631817903,43.3566451691,1500 -4.05436948687,43.3573083306,1500 -4.05229255006,43.3577144663,1500</coordinates>
                        </LinearRing>
                    </outerBoundaryIs>
                </Polygon>
            </MultiGeometry>
        </Placemark>
        <Placemark id="feat_90">
            <Style id="stylesel_22">
                <LineStyle id="substyle_45">
                    <color>e600ffff</color>
                    <colorMode>normal</colorMode>
                </LineStyle>
                <PolyStyle id="substyle_44">
                    <color>c800ffff</color>
                    <colorMode>normal</colorMode>
                    <fill>1</fill>
                    <outline>1</outline>
                </PolyStyle>
            </Style>
            <name>1</name>
            <MultiGeometry id="geom_88">
                <Polygon id="geom_89">
                    <extrude>5</extrude>
                    <altitudeMode>relativeToGround</altitudeMode>
                    <outerBoundaryIs>
                        <LinearRing id="geom_91">
                            <coordinates>-4.7245321,41.6702581958,1500 -4.7203617479,41.6699845508,1500 -4.71631821312,41.6691719372,1500 -4.71252444721,41.6678450652,1500 -4.7090957892,41.666044281,1500 -4.70613645294,41.663824337,1500 -4.70373635629,41.661252724,1500 -4.70196838905,41.6584076156,1500 -4.70088620255,41.6553754887,1500 -4.70052258769,41.6522484925,1500 -4.70088848953,41.6491216458,1500 -4.70197268715,41.6460899494,1500 -4.70374214711,41.6432455006,1500 -4.70614303802,41.6406746967,1500 -4.70910237428,41.6384556137,1500 -4.71253023803,41.6366556386,1500 -4.71632251123,41.6353294262,1500 -4.72036403488,41.6345172431,1500 -4.7245321,41.6342437476,1500 -4.72870016512,41.6345172431,1500 -4.73274168877,41.6353294262,1500 -4.73653396197,41.6366556386,1500 -4.73996182572,41.6384556137,1500 -4.74292116198,41.6406746967,1500 -4.74532205289,41.6432455006,1500 -4.74709151285,41.6460899494,1500 -4.74817571047,41.6491216458,1500 -4.74854161231,41.6522484925,1500 -4.74817799745,41.6553754887,1500 -4.74709581095,41.6584076156,1500 -4.74532784371,41.661252724,1500 -4.74292774706,41.663824337,1500 -4.7399684108,41.666044281,1500 -4.73653975279,41.6678450652,1500 -4.73274598688,41.6691719372,1500 -4.7287024521,41.6699845508,1500</coordinates>
                        </LinearRing>
                    </outerBoundaryIs>
                </Polygon>
            </MultiGeometry>
        </Placemark>
        <Placemark id="feat_94">
            <Style id="stylesel_23">
                <LineStyle id="substyle_47">
                    <color>e600ffff</color>
                    <colorMode>normal</colorMode>
                </LineStyle>
                <PolyStyle id="substyle_46">
                    <color>c800ffff</color>
                    <colorMode>normal</colorMode>
                    <fill>1</fill>
                    <outline>1</outline>
                </PolyStyle>
            </Style>
            <name>0</name>
            <MultiGeometry id="geom_92">
                <Polygon id="geom_93">
                    <extrude>5</extrude>
                    <altitudeMode>relativeToGround</altitudeMode>
                    <outerBoundaryIs>
                        <LinearRing id="geom_95">
                            <coordinates>-40.2957768,-20.2885850266,1500 -40.2941143785,-20.2887222469,1500 -40.2925024603,-20.2891297391,1500 -40.2909900152,-20.2897951238,1500 -40.2896229924,-20.2906981868,1500 -40.2884429253,-20.2918114926,1500 -40.2874856697,-20.2931012181,1500 -40.2867803141,-20.2945281794,1500 -40.2863482961,-20.2960490221,1500 -40.2862027499,-20.2976175382,1500 -40.2863481063,-20.2991860698,1500 -40.2867799574,-20.3007069571,1500 -40.287485189,-20.3021339869,1500 -40.2884423788,-20.3034237963,1500 -40.2896224459,-20.3045371914,1500 -40.2909895346,-20.3054403383,1500 -40.2925021036,-20.3061057914,1500 -40.2941141887,-20.3065133283,1500 -40.2957768,-20.3066505641,1500 -40.2974394113,-20.3065133283,1500 -40.2990514964,-20.3061057914,1500 -40.3005640654,-20.3054403383,1500 -40.3019311541,-20.3045371914,1500 -40.3031112212,-20.3034237963,1500 -40.304068411,-20.3021339869,1500 -40.3047736426,-20.3007069571,1500 -40.3052054937,-20.2991860698,1500 -40.3053508501,-20.2976175382,1500 -40.3052053039,-20.2960490221,1500 -40.3047732859,-20.2945281794,1500 -40.3040679303,-20.2931012181,1500 -40.3031106747,-20.2918114926,1500 -40.3019306076,-20.2906981868,1500 -40.3005635848,-20.2897951238,1500 -40.2990511397,-20.2891297391,1500 -40.2974392215,-20.2887222469,1500</coordinates>
                        </LinearRing>
                    </outerBoundaryIs>
                </Polygon>
            </MultiGeometry>
        </Placemark>
        <Placemark id="feat_98">
            <Style id="stylesel_24">
                <LineStyle id="substyle_49">
                    <color>e600ffff</color>
                    <colorMode>normal</colorMode>
                </LineStyle>
                <PolyStyle id="substyle_48">
                    <color>c800ffff</color>
                    <colorMode>normal</colorMode>
                    <fill>1</fill>
                    <outline>1</outline>
                </PolyStyle>
            </Style>
            <name>0</name>
            <MultiGeometry id="geom_96">
                <Polygon id="geom_97">
                    <extrude>5</extrude>
                    <altitudeMode>relativeToGround</altitudeMode>
                    <outerBoundaryIs>
                        <LinearRing id="geom_99">
                            <coordinates>-5.7467879,41.5124750388,1500 -5.74470779083,41.5123382315,1500 -5.74269091034,41.5119319683,1500 -5.74079856294,41.511268598,1500 -5.73908826337,41.5103682842,1500 -5.73761198709,41.5092583916,1500 -5.73641459001,41.5079726534,1500 -5.73553244554,41.5065501451,1500 -5.73499234045,41.5050340964,1500 -5.73481066305,41.5034705764,1500 -5.73499290791,41.5019070936,1500 -5.73553351202,41.5003911519,1500 -5.73641602688,41.4989688076,1500 -5.73761362103,41.4976832706,1500 -5.73908989731,41.4965735921,1500 -5.74079999981,41.4956734796,1500 -5.74269197682,41.4950102733,1500 -5.74470835829,41.4946041172,1500 -5.7467879,41.4944673471,1500 -5.74886744171,41.4946041172,1500 -5.75088382318,41.4950102733,1500 -5.75277580019,41.4956734796,1500 -5.75448590269,41.4965735921,1500 -5.75596217897,41.4976832706,1500 -5.75715977312,41.4989688076,1500 -5.75804228798,41.5003911519,1500 -5.75858289209,41.5019070936,1500 -5.75876513695,41.5034705764,1500 -5.75858345955,41.5050340964,1500 -5.75804335446,41.5065501451,1500 -5.75716120999,41.5079726534,1500 -5.75596381291,41.5092583916,1500 -5.75448753663,41.5103682842,1500 -5.75277723706,41.511268598,1500 -5.75088488966,41.5119319683,1500 -5.74886800917,41.5123382315,1500</coordinates>
                        </LinearRing>
                    </outerBoundaryIs>
                </Polygon>
            </MultiGeometry>
        </Placemark>
        <Placemark id="feat_102">
            <Style id="stylesel_25">
                <LineStyle id="substyle_51">
                    <color>e600ffff</color>
                    <colorMode>normal</colorMode>
                </LineStyle>
                <PolyStyle id="substyle_50">
                    <color>c800ffff</color>
                    <colorMode>normal</colorMode>
                    <fill>1</fill>
                    <outline>1</outline>
                </PolyStyle>
            </Style>
            <name>0</name>
            <MultiGeometry id="geom_100">
                <Polygon id="geom_101">
                    <extrude>5</extrude>
                    <altitudeMode>relativeToGround</altitudeMode>
                    <outerBoundaryIs>
                        <LinearRing id="geom_103">
                            <coordinates>-0.8890853,41.6578262104,1500 -0.887000520563,41.6576894065,1500 -0.884979111897,41.6572831533,1500 -0.883082516168,41.6566197994,1500 -0.881368377315,41.6557195079,1500 -0.879888787532,41.6546096429,1500 -0.878688703398,41.6533239368,1500 -0.877804579893,41.6519014642,1500 -0.877263263817,41.6503854536,1500 -0.877081180097,41.6488219732,1500 -0.877263835461,41.6472585301,1500 -0.877805654233,41.6457426272,1500 -0.878690150853,41.6443203195,1500 -0.879890433517,41.6430348156,1500 -0.881370023299,41.6419251658,1500 -0.883083963623,41.6410250766,1500 -0.884980186237,41.6403618876,1500 -0.887001092208,41.639955742,1500 -0.8890853,41.6398189755,1500 -0.891169507792,41.639955742,1500 -0.893190413763,41.6403618876,1500 -0.895086636377,41.6410250766,1500 -0.896800576701,41.6419251658,1500 -0.898280166483,41.6430348156,1500 -0.899480449147,41.6443203195,1500 -0.900364945767,41.6457426272,1500 -0.900906764539,41.6472585301,1500 -0.901089419903,41.6488219732,1500 -0.900907336183,41.6503854536,1500 -0.900366020107,41.6519014642,1500 -0.899481896602,41.6533239368,1500 -0.898281812468,41.6546096429,1500 -0.896802222685,41.6557195079,1500 -0.895088083832,41.6566197994,1500 -0.893191488103,41.6572831533,1500 -0.891170079437,41.6576894065,1500</coordinates>
                        </LinearRing>
                    </outerBoundaryIs>
                </Polygon>
            </MultiGeometry>
        </Placemark>
    </Document>
</kml>
