<?xml version="1.0" encoding="UTF-8"?>
<kml xmlns="http://www.opengis.net/kml/2.2" xmlns:gx="http://www.google.com/kml/ext/2.2">
    <Document id="feat_1">
        <open>1</open>
        <Placemark id="feat_2">
            <Style id="stylesel_0">
                <LineStyle id="substyle_1">
                    <color>e6008000</color>
                    <colorMode>normal</colorMode>
                </LineStyle>
                <PolyStyle id="substyle_0">
                    <color>c8008000</color>
                    <colorMode>normal</colorMode>
                    <fill>1</fill>
                    <outline>1</outline>
                </PolyStyle>
            </Style>
            <name>0</name>
            <MultiGeometry id="geom_0">
                <Polygon id="geom_1">
                    <extrude>5</extrude>
                    <altitudeMode>relativeToGround</altitudeMode>
                    <outerBoundaryIs>
                        <LinearRing id="geom_3">
                            <coordinates>-0.4906855,38.3550050558,1500 -0.48869884979,38.3548681759,1500 -0.486772584815,38.3544616965,1500 -0.484965252896,38.3537979727,1500 -0.48333178317,38.352897178,1500 -0.481921815381,38.3517866908,1500 -0.480778190678,38.3505002612,1500 -0.479935649916,38.3490769848,1500 -0.479419778991,38.3475601139,1500 -0.479246233144,38.3459957421,1500 -0.479420263613,38.3444314035,1500 -0.479936560708,38.3429146282,1500 -0.480779417785,38.3414914985,1500 -0.481923210795,38.3402052487,1500 -0.483333178585,38.3390949528,1500 -0.484966480003,38.3381943379,1500 -0.486773495607,38.3375307607,1500 -0.488699334413,38.337124377,1500 -0.4906855,38.3369875303,1500 -0.492671665587,38.337124377,1500 -0.494597504393,38.3375307607,1500 -0.496404519997,38.3381943379,1500 -0.498037821415,38.3390949528,1500 -0.499447789205,38.3402052487,1500 -0.500591582215,38.3414914985,1500 -0.501434439292,38.3429146282,1500 -0.501950736387,38.3444314035,1500 -0.502124766856,38.3459957421,1500 -0.501951221009,38.3475601139,1500 -0.501435350084,38.3490769848,1500 -0.500592809322,38.3505002612,1500 -0.499449184619,38.3517866908,1500 -0.49803921683,38.352897178,1500 -0.496405747104,38.3537979727,1500 -0.494598415185,38.3544616965,1500 -0.49267215021,38.3548681759,1500</coordinates>
                        </LinearRing>
                    </outerBoundaryIs>
                </Polygon>
            </MultiGeometry>
        </Placemark>
        <Placemark id="feat_6">
            <Style id="stylesel_1">
                <LineStyle id="substyle_3">
                    <color>e6008000</color>
                    <colorMode>normal</colorMode>
                </LineStyle>
                <PolyStyle id="substyle_2">
                    <color>c8008000</color>
                    <colorMode>normal</colorMode>
                    <fill>1</fill>
                    <outline>1</outline>
                </PolyStyle>
            </Style>
            <name>0</name>
            <MultiGeometry id="geom_4">
                <Polygon id="geom_5">
                    <extrude>5</extrude>
                    <altitudeMode>relativeToGround</altitudeMode>
                    <outerBoundaryIs>
                        <LinearRing id="geom_7">
                            <coordinates>-2.4637136,36.8430580695,1500 -2.46176675017,36.8429211552,1500 -2.45987907468,36.842514574,1500 -2.45810794745,36.8418506837,1500 -2.45650719653,36.8409496625,1500 -2.45512546697,36.8398388952,1500 -2.45400474191,36.83855214,1500 -2.45317906697,36.8371285021,1500 -2.4526735166,36.8356112442,1500 -2.45250343386,36.8340464715,1500 -2.45267396632,36.8324817303,1500 -2.45317991217,36.830964563,1500 -2.45400588064,36.8295410638,1500 -2.45512676189,36.8282544789,1500 -2.45650849145,36.8271438927,1500 -2.45810908618,36.8262430418,1500 -2.45987991988,36.8255792902,1500 -2.46176719989,36.8251727996,1500 -2.4637136,36.8250359168,1500 -2.46566000011,36.8251727996,1500 -2.46754728012,36.8255792902,1500 -2.46931811382,36.8262430418,1500 -2.47091870855,36.8271438927,1500 -2.47230043811,36.8282544789,1500 -2.47342131936,36.8295410638,1500 -2.47424728783,36.830964563,1500 -2.47475323368,36.8324817303,1500 -2.47492376614,36.8340464715,1500 -2.4747536834,36.8356112442,1500 -2.47424813303,36.8371285021,1500 -2.47342245809,36.83855214,1500 -2.47230173303,36.8398388952,1500 -2.47092000347,36.8409496625,1500 -2.46931925255,36.8418506837,1500 -2.46754812532,36.842514574,1500 -2.46566044983,36.8429211552,1500</coordinates>
                        </LinearRing>
                    </outerBoundaryIs>
                </Polygon>
            </MultiGeometry>
        </Placemark>
        <Placemark id="feat_10">
            <Style id="stylesel_2">
                <LineStyle id="substyle_5">
                    <color>e6008000</color>
                    <colorMode>normal</colorMode>
                </LineStyle>
                <PolyStyle id="substyle_4">
                    <color>c8008000</color>
                    <colorMode>normal</colorMode>
                    <fill>1</fill>
                    <outline>1</outline>
                </PolyStyle>
            </Style>
            <name>0</name>
            <MultiGeometry id="geom_8">
                <Polygon id="geom_9">
                    <extrude>5</extrude>
                    <altitudeMode>relativeToGround</altitudeMode>
                    <outerBoundaryIs>
                        <LinearRing id="geom_11">
                            <coordinates>-4.6812086,40.6656901664,1500 -4.67915502653,40.6655533396,1500 -4.6771638744,40.665147018,1500 -4.67529566534,40.6644835523,1500 -4.67360717995,40.6635831088,1500 -4.67214973051,40.6624730557,1500 -4.6709676009,40.6611871309,1500 -4.67009670097,40.6597644153,1500 -4.66956347658,40.6582481446,1500 -4.66938410787,40.6566843946,1500 -4.66956402036,40.6551206807,1500 -4.67009772295,40.6536045139,1500 -4.6709689778,40.6521819575,1500 -4.67215129627,40.6508962279,1500 -4.67360874571,40.6497863827,1500 -4.67529704225,40.6488861344,1500 -4.67716489638,40.6482228279,1500 -4.67915557032,40.6478166103,1500 -4.6812086,40.6476798195,1500 -4.68326162968,40.6478166103,1500 -4.68525230362,40.6482228279,1500 -4.68712015775,40.6488861344,1500 -4.68880845429,40.6497863827,1500 -4.69026590373,40.6508962279,1500 -4.6914482222,40.6521819575,1500 -4.69231947705,40.6536045139,1500 -4.69285317964,40.6551206807,1500 -4.69303309213,40.6566843946,1500 -4.69285372342,40.6582481446,1500 -4.69232049903,40.6597644153,1500 -4.6914495991,40.6611871309,1500 -4.69026746949,40.6624730557,1500 -4.68881002005,40.6635831088,1500 -4.68712153466,40.6644835523,1500 -4.6852533256,40.665147018,1500 -4.68326217347,40.6655533396,1500</coordinates>
                        </LinearRing>
                    </outerBoundaryIs>
                </Polygon>
            </MultiGeometry>
        </Placemark>
        <Placemark id="feat_14">
            <Style id="stylesel_3">
                <LineStyle id="substyle_7">
                    <color>e6008000</color>
                    <colorMode>normal</colorMode>
                </LineStyle>
                <PolyStyle id="substyle_6">
                    <color>c8008000</color>
                    <colorMode>normal</colorMode>
                    <fill>1</fill>
                    <outline>1</outline>
                </PolyStyle>
            </Style>
            <name>0</name>
            <MultiGeometry id="geom_12">
                <Polygon id="geom_13">
                    <extrude>5</extrude>
                    <altitudeMode>relativeToGround</altitudeMode>
                    <outerBoundaryIs>
                        <LinearRing id="geom_15">
                            <coordinates>2.1734035,41.3940679247,1500 2.17547982998,41.3939311147,1500 2.17749304627,41.3935248433,1500 2.17938195591,41.3928614597,1500 2.18108914874,41.3919611277,1500 2.18256274372,41.3908512127,1500 2.18375796643,41.3895654483,1500 2.18463850947,41.388142911,1500 2.18517763462,41.3866268312,1500 2.18535898323,41.3850632789,1500 2.18517707054,41.3834997638,1500 2.18463744935,41.3819837906,1500 2.18375653812,41.3805614166,1500 2.18256111951,41.3792758526,1500 2.18108752453,41.3781661508,1500 2.17938052761,41.3772660192,1500 2.17749198615,41.3766027989,1500 2.1754792659,41.3761966341,1500 2.1734035,41.3760598611,1500 2.1713277341,41.3761966341,1500 2.16931501385,41.3766027989,1500 2.16742647239,41.3772660192,1500 2.16571947547,41.3781661508,1500 2.16424588049,41.3792758526,1500 2.16305046188,41.3805614166,1500 2.16216955065,41.3819837906,1500 2.16162992946,41.3834997638,1500 2.16144801677,41.3850632789,1500 2.16162936538,41.3866268312,1500 2.16216849053,41.388142911,1500 2.16304903357,41.3895654483,1500 2.16424425628,41.3908512127,1500 2.16571785126,41.3919611277,1500 2.16742504409,41.3928614597,1500 2.16931395373,41.3935248433,1500 2.17132717002,41.3939311147,1500</coordinates>
                        </LinearRing>
                    </outerBoundaryIs>
                </Polygon>
            </MultiGeometry>
        </Placemark>
        <Placemark id="feat_18">
            <Style id="stylesel_4">
                <LineStyle id="substyle_9">
                    <color>e6008000</color>
                    <colorMode>normal</colorMode>
                </LineStyle>
                <PolyStyle id="substyle_8">
                    <color>c8008000</color>
                    <colorMode>normal</colorMode>
                    <fill>1</fill>
                    <outline>1</outline>
                </PolyStyle>
            </Style>
            <name>0</name>
            <MultiGeometry id="geom_16">
                <Polygon id="geom_17">
                    <extrude>5</extrude>
                    <altitudeMode>relativeToGround</altitudeMode>
                    <outerBoundaryIs>
                        <LinearRing id="geom_19">
                            <coordinates>-92.2581976,14.8961542977,1500 -92.2565838036,14.8960169892,1500 -92.2550190477,14.895609236,1500 -92.2535508816,14.8949434291,1500 -92.2522239189,14.8940398009,1500 -92.2510784806,14.8929258104,1500 -92.2501493704,14.8916353085,1500 -92.2494648168,14.8902075092,1500 -92.2490456155,14.8886857976,1500 -92.2489044986,14.8871164117,1500 -92.249045748,14.8855470369,1500 -92.2494650657,14.8840253574,1500 -92.2501497058,14.8825976073,1500 -92.251078862,14.8813071656,1500 -92.2522243002,14.8801932393,1500 -92.253551217,14.8792896714,1500 -92.2550192966,14.8786239136,1500 -92.2565839361,14.8782161926,1500 -92.2581976,14.8780788952,1500 -92.2598112639,14.8782161926,1500 -92.2613759034,14.8786239136,1500 -92.262843983,14.8792896714,1500 -92.2641708998,14.8801932393,1500 -92.265316338,14.8813071656,1500 -92.2662454942,14.8825976073,1500 -92.2669301343,14.8840253574,1500 -92.267349452,14.8855470369,1500 -92.2674907014,14.8871164117,1500 -92.2673495845,14.8886857976,1500 -92.2669303832,14.8902075092,1500 -92.2662458296,14.8916353085,1500 -92.2653167194,14.8929258104,1500 -92.2641712811,14.8940398009,1500 -92.2628443184,14.8949434291,1500 -92.2613761523,14.895609236,1500 -92.2598113964,14.8960169892,1500</coordinates>
                        </LinearRing>
                    </outerBoundaryIs>
                </Polygon>
            </MultiGeometry>
        </Placemark>
        <Placemark id="feat_22">
            <Style id="stylesel_5">
                <LineStyle id="substyle_11">
                    <color>e6008000</color>
                    <colorMode>normal</colorMode>
                </LineStyle>
                <PolyStyle id="substyle_10">
                    <color>c8008000</color>
                    <colorMode>normal</colorMode>
                    <fill>1</fill>
                    <outline>1</outline>
                </PolyStyle>
            </Style>
            <name>0</name>
            <MultiGeometry id="geom_20">
                <Polygon id="geom_21">
                    <extrude>5</extrude>
                    <altitudeMode>relativeToGround</altitudeMode>
                    <outerBoundaryIs>
                        <LinearRing id="geom_23">
                            <coordinates>-5.7642172,40.3961220879,1500 -5.76217183896,40.3959852548,1500 -5.76018864939,40.3955789147,1500 -5.7583279108,40.3949154187,1500 -5.75664617659,40.394014934,1500 -5.7551945538,40.39290483,1500 -5.75401714926,40.3916188459,1500 -5.75314972938,40.3901960644,1500 -5.75261863447,40.3886797233,1500 -5.75243998029,40.3871159003,1500 -5.75261917095,40.385552113,1500 -5.75315073764,40.3840358748,1500 -5.75401850768,40.382613251,1500 -5.75519609854,40.3813274604,1500 -5.75664772132,40.3802175622,1500 -5.75832926922,40.3793172708,1500 -5.76018965764,40.3786539326,1500 -5.76217237544,40.3782476954,1500 -5.7642172,40.378110898,1500 -5.76626202456,40.3782476954,1500 -5.76824474236,40.3786539326,1500 -5.77010513078,40.3793172708,1500 -5.77178667868,40.3802175622,1500 -5.77323830146,40.3813274604,1500 -5.77441589232,40.382613251,1500 -5.77528366236,40.3840358748,1500 -5.77581522905,40.385552113,1500 -5.77599441971,40.3871159003,1500 -5.77581576553,40.3886797233,1500 -5.77528467062,40.3901960644,1500 -5.77441725074,40.3916188459,1500 -5.7732398462,40.39290483,1500 -5.77178822341,40.394014934,1500 -5.7701064892,40.3949154187,1500 -5.76824575061,40.3955789147,1500 -5.76626256104,40.3959852548,1500</coordinates>
                        </LinearRing>
                    </outerBoundaryIs>
                </Polygon>
            </MultiGeometry>
        </Placemark>
        <Placemark id="feat_26">
            <Style id="stylesel_6">
                <LineStyle id="substyle_13">
                    <color>e6008000</color>
                    <colorMode>normal</colorMode>
                </LineStyle>
                <PolyStyle id="substyle_12">
                    <color>c8008000</color>
                    <colorMode>normal</colorMode>
                    <fill>1</fill>
                    <outline>1</outline>
                </PolyStyle>
            </Style>
            <name>0</name>
            <MultiGeometry id="geom_24">
                <Polygon id="geom_25">
                    <extrude>5</extrude>
                    <altitudeMode>relativeToGround</altitudeMode>
                    <outerBoundaryIs>
                        <LinearRing id="geom_27">
                            <coordinates>-2.9349852,43.2720136662,1500 -2.93284616274,43.2718768999,1500 -2.93077214706,43.2714707583,1500 -2.92882619551,43.270807587,1500 -2.92706745311,43.269907544,1500 -2.92554936808,43.2687979863,1500 -2.92431806667,43.2675126375,1500 -2.9234109516,43.266090562,1500 -2.92285556681,43.2645749767,1500 -2.92266876277,43.263011937,1500 -2.92285618741,43.2614489368,1500 -2.92341211794,43.2599334654,1500 -2.92431963808,43.2585115644,1500 -2.92555115502,43.2572264296,1500 -2.92706924005,43.2561170997,1500 -2.92882776692,43.2552172708,1500 -2.93077331341,43.254554274,1500 -2.93284678334,43.2541482464,1500 -2.9349852,43.2540115196,1500 -2.93712361666,43.2541482464,1500 -2.93919708659,43.254554274,1500 -2.94114263308,43.2552172708,1500 -2.94290115995,43.2561170997,1500 -2.94441924498,43.2572264296,1500 -2.94565076192,43.2585115644,1500 -2.94655828206,43.2599334654,1500 -2.94711421259,43.2614489368,1500 -2.94730163723,43.263011937,1500 -2.94711483319,43.2645749767,1500 -2.9465594484,43.266090562,1500 -2.94565233333,43.2675126375,1500 -2.94442103192,43.2687979863,1500 -2.94290294689,43.269907544,1500 -2.94114420449,43.270807587,1500 -2.93919825294,43.2714707583,1500 -2.93712423726,43.2718768999,1500</coordinates>
                        </LinearRing>
                    </outerBoundaryIs>
                </Polygon>
            </MultiGeometry>
        </Placemark>
        <Placemark id="feat_30">
            <Style id="stylesel_7">
                <LineStyle id="substyle_15">
                    <color>e6008000</color>
                    <colorMode>normal</colorMode>
                </LineStyle>
                <PolyStyle id="substyle_14">
                    <color>c8008000</color>
                    <colorMode>normal</colorMode>
                    <fill>1</fill>
                    <outline>1</outline>
                </PolyStyle>
            </Style>
            <name>0</name>
            <MultiGeometry id="geom_28">
                <Polygon id="geom_29">
                    <extrude>5</extrude>
                    <altitudeMode>relativeToGround</altitudeMode>
                    <outerBoundaryIs>
                        <LinearRing id="geom_31">
                            <coordinates>-3.696906,42.3529950162,1500 -3.69479840095,42.3528582285,1500 -3.69275486696,42.3524520233,1500 -3.69083751328,42.351788748,1500 -3.68910461517,42.3508885634,1500 -3.68760883513,42.3497788306,1500 -3.68639562167,42.3484932782,1500 -3.68550182839,42.3470709764,1500 -3.68495459529,42.3455551487,1500 -3.68477052626,42.3439918578,1500 -3.68495518744,42.3424286052,1500 -3.68550294127,42.3409128878,1500 -3.68639712105,42.339490755,1500 -3.68761054015,42.3382054098,1500 -3.68910632019,42.3370958976,1500 -3.69083901266,42.3361959203,1500 -3.69275597984,42.3355328139,1500 -3.6947989931,42.335126719,1500 -3.696906,42.3349899696,1500 -3.6990130069,42.335126719,1500 -3.70105602016,42.3355328139,1500 -3.70297298734,42.3361959203,1500 -3.70470567981,42.3370958976,1500 -3.70620145985,42.3382054098,1500 -3.70741487895,42.339490755,1500 -3.70830905873,42.3409128878,1500 -3.70885681256,42.3424286052,1500 -3.70904147374,42.3439918578,1500 -3.70885740471,42.3455551487,1500 -3.70831017161,42.3470709764,1500 -3.70741637833,42.3484932782,1500 -3.70620316487,42.3497788306,1500 -3.70470738483,42.3508885634,1500 -3.70297448672,42.351788748,1500 -3.70105713304,42.3524520233,1500 -3.69901359905,42.3528582285,1500</coordinates>
                        </LinearRing>
                    </outerBoundaryIs>
                </Polygon>
            </MultiGeometry>
        </Placemark>
        <Placemark id="feat_34">
            <Style id="stylesel_8">
                <LineStyle id="substyle_17">
                    <color>e6008000</color>
                    <colorMode>normal</colorMode>
                </LineStyle>
                <PolyStyle id="substyle_16">
                    <color>c8008000</color>
                    <colorMode>normal</colorMode>
                    <fill>1</fill>
                    <outline>1</outline>
                </PolyStyle>
            </Style>
            <name>11</name>
            <MultiGeometry id="geom_32">
                <Polygon id="geom_33">
                    <extrude>5</extrude>
                    <altitudeMode>relativeToGround</altitudeMode>
                    <outerBoundaryIs>
                        <LinearRing id="geom_35">
                            <coordinates>-6.3724247,39.5833596793,1500 -6.34817008931,39.5817151406,1500 -6.32465579097,39.5768317194,1500 -6.30259921678,39.5688584473,1500 -6.28267272298,39.5580385855,1500 -6.26548291764,39.5447021123,1500 -6.25155209095,39.5292555484,1500 -6.24130234935,39.5121694476,1500 -6.23504293435,39.4939639528,1500 -6.23296109344,39.4751928717,1500 -6.23511674741,39.4564267731,1500 -6.24144107262,39.4382356252,1500 -6.25173899251,39.4211715052,1500 -6.26569545453,39.4057519047,1500 -6.28288526019,39.3924441254,1500 -6.30278611911,39.3816512272,1500 -6.32479451512,39.373699936,1500 -6.34824390294,39.3688308618,1500 -6.3724247,39.3671913058,1500 -6.39660549706,39.3688308618,1500 -6.42005488488,39.373699936,1500 -6.44206328089,39.3816512272,1500 -6.46196413981,39.3924441254,1500 -6.47915394547,39.4057519047,1500 -6.49311040749,39.4211715052,1500 -6.50340832738,39.4382356252,1500 -6.50973265259,39.4564267731,1500 -6.51188830656,39.4751928717,1500 -6.50980646565,39.4939639528,1500 -6.50354705065,39.5121694476,1500 -6.49329730905,39.5292555484,1500 -6.47936648236,39.5447021123,1500 -6.46217667702,39.5580385855,1500 -6.44225018322,39.5688584473,1500 -6.42019360903,39.5768317194,1500 -6.39667931069,39.5817151406,1500</coordinates>
                        </LinearRing>
                    </outerBoundaryIs>
                </Polygon>
            </MultiGeometry>
        </Placemark>
        <Placemark id="feat_38">
            <Style id="stylesel_9">
                <LineStyle id="substyle_19">
                    <color>e6008000</color>
                    <colorMode>normal</colorMode>
                </LineStyle>
                <PolyStyle id="substyle_18">
                    <color>c8008000</color>
                    <colorMode>normal</colorMode>
                    <fill>1</fill>
                    <outline>1</outline>
                </PolyStyle>
            </Style>
            <name>0</name>
            <MultiGeometry id="geom_36">
                <Polygon id="geom_37">
                    <extrude>5</extrude>
                    <altitudeMode>relativeToGround</altitudeMode>
                    <outerBoundaryIs>
                        <LinearRing id="geom_39">
                            <coordinates>-0.9965839,37.6346925621,1500 -0.994616583731,37.6345556657,1500 -0.992709064479,37.6341491377,1500 -0.990919319811,37.6334853343,1500 -0.989301743986,37.6325844313,1500 -0.987905493552,37.6314738102,1500 -0.986772992865,37.6301872249,1500 -0.985938645049,37.6287637757,1500 -0.985427787559,37.6272467197,1500 -0.985255923983,37.6256821562,1500 -0.985428255208,37.6241176251,1500 -0.98593952394,37.6226006624,1500 -0.986774176992,37.621177356,1500 -0.987906840092,37.619890946,1500 -0.989303090526,37.6187805113,1500 -0.990920503938,37.6178797835,1500 -0.992709943371,37.6172161229,1500 -0.99461705138,37.6168096881,1500 -0.9965839,37.6166728241,1500 -0.99855074862,37.6168096881,1500 -1.00045785663,37.6172161229,1500 -1.00224729606,37.6178797835,1500 -1.00386470947,37.6187805113,1500 -1.00526095991,37.619890946,1500 -1.00639362301,37.621177356,1500 -1.00722827606,37.6226006624,1500 -1.00773954479,37.6241176251,1500 -1.00791187602,37.6256821562,1500 -1.00774001244,37.6272467197,1500 -1.00722915495,37.6287637757,1500 -1.00639480714,37.6301872249,1500 -1.00526230645,37.6314738102,1500 -1.00386605601,37.6325844313,1500 -1.00224848019,37.6334853343,1500 -1.00045873552,37.6341491377,1500 -0.998551216269,37.6345556657,1500</coordinates>
                        </LinearRing>
                    </outerBoundaryIs>
                </Polygon>
            </MultiGeometry>
        </Placemark>
        <Placemark id="feat_42">
            <Style id="stylesel_10">
                <LineStyle id="substyle_21">
                    <color>e6008000</color>
                    <colorMode>normal</colorMode>
                </LineStyle>
                <PolyStyle id="substyle_20">
                    <color>c8008000</color>
                    <colorMode>normal</colorMode>
                    <fill>1</fill>
                    <outline>1</outline>
                </PolyStyle>
            </Style>
            <name>0</name>
            <MultiGeometry id="geom_40">
                <Polygon id="geom_41">
                    <extrude>5</extrude>
                    <altitudeMode>relativeToGround</altitudeMode>
                    <outerBoundaryIs>
                        <LinearRing id="geom_43">
                            <coordinates>-0.0513246,39.9953625133,1500 -0.0492912443124,39.9952256709,1500 -0.0473196948422,39.9948193034,1500 -0.0454698769921,39.9941557624,1500 -0.0437980120284,39.9932552165,1500 -0.0423549069579,39.9921450369,1500 -0.0411844097902,39.9908589649,1500 -0.0403220772395,39.9894360858,1500 -0.0397940953491,39.98791964,1500 -0.039616485712,39.9863557087,1500 -0.0397946211813,39.9847918126,1500 -0.0403230654808,39.9832754683,1500 -0.0411857412441,39.9818527447,1500 -0.0423564210314,39.9805668633,1500 -0.0437995261019,39.9794568866,1500 -0.045471208446,39.9785565314,1500 -0.0473206830835,39.9778931459,1500 -0.0492917701446,39.9774868798,1500 -0.0513246,39.9773500727,1500 -0.0533574298554,39.9774868798,1500 -0.0553285169165,39.9778931459,1500 -0.057177991554,39.9785565314,1500 -0.0588496738981,39.9794568866,1500 -0.0602927789686,39.9805668633,1500 -0.0614634587559,39.9818527447,1500 -0.0623261345192,39.9832754683,1500 -0.0628545788187,39.9847918126,1500 -0.063032714288,39.9863557087,1500 -0.0628551046509,39.98791964,1500 -0.0623271227605,39.9894360858,1500 -0.0614647902098,39.9908589649,1500 -0.0602942930421,39.9921450369,1500 -0.0588511879716,39.9932552165,1500 -0.0571793230079,39.9941557624,1500 -0.0553295051578,39.9948193034,1500 -0.0533579556876,39.9952256709,1500</coordinates>
                        </LinearRing>
                    </outerBoundaryIs>
                </Polygon>
            </MultiGeometry>
        </Placemark>
        <Placemark id="feat_46">
            <Style id="stylesel_11">
                <LineStyle id="substyle_23">
                    <color>e6008000</color>
                    <colorMode>normal</colorMode>
                </LineStyle>
                <PolyStyle id="substyle_22">
                    <color>c8008000</color>
                    <colorMode>normal</colorMode>
                    <fill>1</fill>
                    <outline>1</outline>
                </PolyStyle>
            </Style>
            <name>0</name>
            <MultiGeometry id="geom_44">
                <Polygon id="geom_45">
                    <extrude>5</extrude>
                    <altitudeMode>relativeToGround</altitudeMode>
                    <outerBoundaryIs>
                        <LinearRing id="geom_47">
                            <coordinates>-3.9273778,38.9938372692,1500 -3.92537341365,38.9937004039,1500 -3.92342995215,38.9932939679,1500 -3.92160648643,38.9926303151,1500 -3.91995843633,38.9917296169,1500 -3.91853588483,38.9906192491,1500 -3.91738205545,38.9893329582,1500 -3.91653199884,38.9879098361,1500 -3.91601152883,38.9863931301,1500 -3.91583643976,38.9848289292,1500 -3.91601202906,38.9832647623,1500 -3.91653293898,38.9817481543,1500 -3.91738332208,38.9803251821,1500 -3.9185373252,38.9790390753,1500 -3.91995987669,38.9779289032,1500 -3.92160775307,38.9770283891,1500 -3.92343089228,38.9763648863,1500 -3.92537391389,38.9759585482,1500 -3.9273778,38.9758217168,1500 -3.92938168611,38.9759585482,1500 -3.93132470772,38.9763648863,1500 -3.93314784693,38.9770283891,1500 -3.93479572331,38.9779289032,1500 -3.9362182748,38.9790390753,1500 -3.93737227792,38.9803251821,1500 -3.93822266102,38.9817481543,1500 -3.93874357094,38.9832647623,1500 -3.93891916024,38.9848289292,1500 -3.93874407117,38.9863931301,1500 -3.93822360116,38.9879098361,1500 -3.93737354455,38.9893329582,1500 -3.93621971517,38.9906192491,1500 -3.93479716367,38.9917296169,1500 -3.93314911357,38.9926303151,1500 -3.93132564785,38.9932939679,1500 -3.92938218635,38.9937004039,1500</coordinates>
                        </LinearRing>
                    </outerBoundaryIs>
                </Polygon>
            </MultiGeometry>
        </Placemark>
        <Placemark id="feat_50">
            <Style id="stylesel_12">
                <LineStyle id="substyle_25">
                    <color>e6008000</color>
                    <colorMode>normal</colorMode>
                </LineStyle>
                <PolyStyle id="substyle_24">
                    <color>c8008000</color>
                    <colorMode>normal</colorMode>
                    <fill>1</fill>
                    <outline>1</outline>
                </PolyStyle>
            </Style>
            <name>0</name>
            <MultiGeometry id="geom_48">
                <Polygon id="geom_49">
                    <extrude>5</extrude>
                    <altitudeMode>relativeToGround</altitudeMode>
                    <outerBoundaryIs>
                        <LinearRing id="geom_51">
                            <coordinates>-78.8057435,-5.69678920144,1500 -78.8041759008,-5.69692657976,1500 -78.8026559301,-5.69733454072,1500 -78.8012297696,-5.69800068919,1500 -78.799940751,-5.69890478542,1500 -78.7988280397,-5.70001935991,1500 -78.7979254448,-5.70131054797,1500 -78.7972603921,-5.70273911853,1500 -78.7968530903,-5.70426166603,1500 -78.7967159168,-5.70583192917,1500 -78.7968530419,-5.7074021965,1500 -78.7972603012,-5.70892475605,1500 -78.7979253224,-5.71035334508,1500 -78.7988279004,-5.7116445558,1500 -78.7999406117,-5.71275915439,1500 -78.8012296471,-5.71366327327,1500 -78.8026558392,-5.7143294402,1500 -78.8041758524,-5.71473741322,1500 -78.8057435,-5.71487479572,1500 -78.8073111476,-5.71473741322,1500 -78.8088311608,-5.7143294402,1500 -78.8102573529,-5.71366327327,1500 -78.8115463883,-5.71275915439,1500 -78.8126590996,-5.7116445558,1500 -78.8135616776,-5.71035334508,1500 -78.8142266988,-5.70892475605,1500 -78.8146339581,-5.7074021965,1500 -78.8147710832,-5.70583192917,1500 -78.8146339097,-5.70426166603,1500 -78.8142266079,-5.70273911853,1500 -78.8135615552,-5.70131054797,1500 -78.8126589603,-5.70001935991,1500 -78.811546249,-5.69890478542,1500 -78.8102572304,-5.69800068919,1500 -78.8088310699,-5.69733454072,1500 -78.8073110992,-5.69692657976,1500</coordinates>
                        </LinearRing>
                    </outerBoundaryIs>
                </Polygon>
            </MultiGeometry>
        </Placemark>
        <Placemark id="feat_54">
            <Style id="stylesel_13">
                <LineStyle id="substyle_27">
                    <color>e6008000</color>
                    <colorMode>normal</colorMode>
                </LineStyle>
                <PolyStyle id="substyle_26">
                    <color>c8008000</color>
                    <colorMode>normal</colorMode>
                    <fill>1</fill>
                    <outline>1</outline>
                </PolyStyle>
            </Style>
            <name>0</name>
            <MultiGeometry id="geom_52">
                <Polygon id="geom_53">
                    <extrude>5</extrude>
                    <altitudeMode>relativeToGround</altitudeMode>
                    <outerBoundaryIs>
                        <LinearRing id="geom_55">
                            <coordinates>-0.5235474,38.9989643613,1500 -0.521542869011,38.998827496,1500 -0.519599267265,38.9984210604,1500 -0.517775669978,38.9977574082,1500 -0.516127500965,38.9968567108,1500 -0.514704846847,38.9957463439,1500 -0.513550934241,38.9944600542,1500 -0.512700816347,38.9930369333,1500 -0.512180308824,38.9915202287,1500 -0.51200520717,38.9899560291,1500 -0.512180809185,38.9883918636,1500 -0.512701756718,38.9868752569,1500 -0.513552201199,38.985452286,1500 -0.514706287579,38.9841661803,1500 -0.516128941697,38.9830560093,1500 -0.517776936936,38.9821554959,1500 -0.519600207636,38.9814919937,1500 -0.521543369372,38.981085656,1500 -0.5235474,38.9809488248,1500 -0.525551430628,38.981085656,1500 -0.527494592364,38.9814919937,1500 -0.529317863064,38.9821554959,1500 -0.530965858303,38.9830560093,1500 -0.532388512421,38.9841661803,1500 -0.533542598801,38.985452286,1500 -0.534393043282,38.9868752569,1500 -0.534913990815,38.9883918636,1500 -0.53508959283,38.9899560291,1500 -0.534914491176,38.9915202287,1500 -0.534393983653,38.9930369333,1500 -0.533543865759,38.9944600542,1500 -0.532389953153,38.9957463439,1500 -0.530967299035,38.9968567108,1500 -0.529319130022,38.9977574082,1500 -0.527495532735,38.9984210604,1500 -0.525551930989,38.998827496,1500</coordinates>
                        </LinearRing>
                    </outerBoundaryIs>
                </Polygon>
            </MultiGeometry>
        </Placemark>
        <Placemark id="feat_58">
            <Style id="stylesel_14">
                <LineStyle id="substyle_29">
                    <color>e6008000</color>
                    <colorMode>normal</colorMode>
                </LineStyle>
                <PolyStyle id="substyle_28">
                    <color>c8008000</color>
                    <colorMode>normal</colorMode>
                    <fill>1</fill>
                    <outline>1</outline>
                </PolyStyle>
            </Style>
            <name>0</name>
            <MultiGeometry id="geom_56">
                <Polygon id="geom_57">
                    <extrude>5</extrude>
                    <altitudeMode>relativeToGround</altitudeMode>
                    <outerBoundaryIs>
                        <LinearRing id="geom_59">
                            <coordinates>-101.6859605,21.1340395967,1500 -101.684288835,21.1339023738,1500 -101.682667972,21.133494875,1500 -101.681147168,21.1328294842,1500 -101.679772637,21.1319264222,1500 -101.678586147,21.1308131319,1500 -101.677623749,21.1295234445,1500 -101.676914681,21.1280965502,1500 -101.676480484,21.1265758079,1500 -101.67633434,21.1250074266,1500 -101.676480683,21.1234390614,1500 -101.676915056,21.1219183657,1500 -101.677624253,21.120491543,1500 -101.678586721,21.1192019432,1500 -101.679773211,21.1180887462,1500 -101.681147672,21.1171857719,1500 -101.682668347,21.1165204525,1500 -101.684289035,21.1161130004,1500 -101.6859605,21.1159757936,1500 -101.687631965,21.1161130004,1500 -101.689252653,21.1165204525,1500 -101.690773328,21.1171857719,1500 -101.692147789,21.1180887462,1500 -101.693334279,21.1192019432,1500 -101.694296747,21.120491543,1500 -101.695005944,21.1219183657,1500 -101.695440317,21.1234390614,1500 -101.69558666,21.1250074266,1500 -101.695440516,21.1265758079,1500 -101.695006319,21.1280965502,1500 -101.694297251,21.1295234445,1500 -101.693334853,21.1308131319,1500 -101.692148363,21.1319264222,1500 -101.690773832,21.1328294842,1500 -101.689253028,21.133494875,1500 -101.687632165,21.1339023738,1500</coordinates>
                        </LinearRing>
                    </outerBoundaryIs>
                </Polygon>
            </MultiGeometry>
        </Placemark>
        <Placemark id="feat_62">
            <Style id="stylesel_15">
                <LineStyle id="substyle_31">
                    <color>e6008000</color>
                    <colorMode>normal</colorMode>
                </LineStyle>
                <PolyStyle id="substyle_30">
                    <color>c8008000</color>
                    <colorMode>normal</colorMode>
                    <fill>1</fill>
                    <outline>1</outline>
                </PolyStyle>
            </Style>
            <name>0</name>
            <MultiGeometry id="geom_60">
                <Polygon id="geom_61">
                    <extrude>5</extrude>
                    <altitudeMode>relativeToGround</altitudeMode>
                    <outerBoundaryIs>
                        <LinearRing id="geom_63">
                            <coordinates>0.6200146,41.6265935595,1500 0.622098372997,41.6264567549,1500 0.624118805845,41.6260504995,1500 0.626014486061,41.6253871421,1500 0.627727797553,41.6244868458,1500 0.629206673277,41.6233769749,1500 0.630406178352,41.6220912619,1500 0.631289875378,41.6206687816,1500 0.631830930487,41.6191527628,1500 0.632012926646,41.6175892739,1500 0.631830359745,41.6160258223,1500 0.631288802733,41.614509911,1500 0.630404733181,41.6130875954,1500 0.629205029889,41.6118020844,1500 0.627726154165,41.6106924285,1500 0.62601304089,41.6097923342,1500 0.6241177332,41.6091291415,1500 0.622097802254,41.6087229937,1500 0.6200146,41.6085862264,1500 0.617931397746,41.6087229937,1500 0.6159114668,41.6091291415,1500 0.61401615911,41.6097923342,1500 0.612303045835,41.6106924285,1500 0.610824170111,41.6118020844,1500 0.609624466819,41.6130875954,1500 0.608740397267,41.614509911,1500 0.608198840255,41.6160258223,1500 0.608016273354,41.6175892739,1500 0.608198269513,41.6191527628,1500 0.608739324622,41.6206687816,1500 0.609623021648,41.6220912619,1500 0.610822526723,41.6233769749,1500 0.612301402447,41.6244868458,1500 0.614014713939,41.6253871421,1500 0.615910394155,41.6260504995,1500 0.617930827003,41.6264567549,1500</coordinates>
                        </LinearRing>
                    </outerBoundaryIs>
                </Polygon>
            </MultiGeometry>
        </Placemark>
        <Placemark id="feat_66">
            <Style id="stylesel_16">
                <LineStyle id="substyle_33">
                    <color>e6008000</color>
                    <colorMode>normal</colorMode>
                </LineStyle>
                <PolyStyle id="substyle_32">
                    <color>c8008000</color>
                    <colorMode>normal</colorMode>
                    <fill>1</fill>
                    <outline>1</outline>
                </PolyStyle>
            </Style>
            <name>2</name>
            <MultiGeometry id="geom_64">
                <Polygon id="geom_65">
                    <extrude>5</extrude>
                    <altitudeMode>relativeToGround</altitudeMode>
                    <outerBoundaryIs>
                        <LinearRing id="geom_67">
                            <coordinates>-2.4449852,42.4897264448,1500 -2.43864867795,42.4893159744,1500 -2.43250493016,42.488097051,1500 -2.42674084426,42.486106756,1500 -2.42153171706,42.4834056324,1500 -2.41703590917,42.4800758371,1500 -2.41339002319,42.4762186344,1500 -2.41070475315,42.4719513078,1500 -2.4090615314,42.4674035867,1500 -2.40851007343,42.4627136964,1500 -2.40906689303,42.4580241523,1500 -2.41071482973,42.4534774279,1500 -2.41340359933,42.4492116283,1500 -2.41705134739,42.4453562987,1500 -2.42154715529,42.4420284969,1500 -2.42675442041,42.4393292464,1500 -2.43251500675,42.4373404784,1500 -2.43865403959,42.4361225517,1500 -2.4449852,42.4357124275,1500 -2.45131636041,42.4361225517,1500 -2.45745539325,42.4373404784,1500 -2.46321597959,42.4393292464,1500 -2.46842324471,42.4420284969,1500 -2.47291905261,42.4453562987,1500 -2.47656680067,42.4492116283,1500 -2.47925557027,42.4534774279,1500 -2.48090350697,42.4580241523,1500 -2.48146032657,42.4627136964,1500 -2.4809088686,42.4674035867,1500 -2.47926564685,42.4719513078,1500 -2.47658037681,42.4762186344,1500 -2.47293449083,42.4800758371,1500 -2.46843868294,42.4834056324,1500 -2.46322955574,42.486106756,1500 -2.45746546984,42.488097051,1500 -2.45132172205,42.4893159744,1500</coordinates>
                        </LinearRing>
                    </outerBoundaryIs>
                </Polygon>
            </MultiGeometry>
        </Placemark>
        <Placemark id="feat_70">
            <Style id="stylesel_17">
                <LineStyle id="substyle_35">
                    <color>e6008000</color>
                    <colorMode>normal</colorMode>
                </LineStyle>
                <PolyStyle id="substyle_34">
                    <color>c8008000</color>
                    <colorMode>normal</colorMode>
                    <fill>1</fill>
                    <outline>1</outline>
                </PolyStyle>
            </Style>
            <name>0</name>
            <MultiGeometry id="geom_68">
                <Polygon id="geom_69">
                    <extrude>5</extrude>
                    <altitudeMode>relativeToGround</altitudeMode>
                    <outerBoundaryIs>
                        <LinearRing id="geom_71">
                            <coordinates>-3.7037902,40.4257809415,1500 -3.70174394084,40.4256441091,1500 -3.69975988048,40.4252377711,1500 -3.69789832491,40.4245742785,1500 -3.69621585238,40.4236737982,1500 -3.69476359239,40.4225636998,1500 -3.69358567111,40.4212777222,1500 -3.69271787065,40.419854948,1500 -3.69218654286,40.4183386146,1500 -3.69200781054,40.4167747997,1500 -3.69218708014,40.4152110205,1500 -3.69271888041,40.4136947901,1500 -3.69358703155,40.4122721737,1500 -3.69476513943,40.4109863898,1500 -3.69621739942,40.4098764974,1500 -3.69789968535,40.4089762108,1500 -3.69976089023,40.408312876,1500 -3.70174447812,40.407906641,1500 -3.7037902,40.4077698444,1500 -3.70583592188,40.407906641,1500 -3.70781950977,40.408312876,1500 -3.70968071465,40.4089762108,1500 -3.71136300058,40.4098764974,1500 -3.71281526057,40.4109863898,1500 -3.71399336845,40.4122721737,1500 -3.71486151959,40.4136947901,1500 -3.71539331986,40.4152110205,1500 -3.71557258946,40.4167747997,1500 -3.71539385714,40.4183386146,1500 -3.71486252935,40.419854948,1500 -3.71399472889,40.4212777222,1500 -3.71281680761,40.4225636998,1500 -3.71136454762,40.4236737982,1500 -3.70968207509,40.4245742785,1500 -3.70782051952,40.4252377711,1500 -3.70583645916,40.4256441091,1500</coordinates>
                        </LinearRing>
                    </outerBoundaryIs>
                </Polygon>
            </MultiGeometry>
        </Placemark>
        <Placemark id="feat_74">
            <Style id="stylesel_18">
                <LineStyle id="substyle_37">
                    <color>e6008000</color>
                    <colorMode>normal</colorMode>
                </LineStyle>
                <PolyStyle id="substyle_36">
                    <color>c8008000</color>
                    <colorMode>normal</colorMode>
                    <fill>1</fill>
                    <outline>1</outline>
                </PolyStyle>
            </Style>
            <name>0</name>
            <MultiGeometry id="geom_72">
                <Polygon id="geom_73">
                    <extrude>5</extrude>
                    <altitudeMode>relativeToGround</altitudeMode>
                    <outerBoundaryIs>
                        <LinearRing id="geom_75">
                            <coordinates>-5.8493887,43.3709154099,1500 -5.84724619024,43.3707786459,1500 -5.8451688077,43.3703725112,1500 -5.84321969737,43.3697093511,1500 -5.84145810035,43.3688093234,1500 -5.83993755163,43.3676997845,1500 -5.83870425232,43.3664144577,1500 -5.8377956658,43.3649924066,1500 -5.83723938063,43.3634768473,1500 -5.8370522745,43.3619138347,1500 -5.83724000439,43.3603508617,1500 -5.83779683808,43.3588354168,1500 -5.83870583173,43.3574135408,1500 -5.83993934767,43.3561284287,1500 -5.84145989638,43.3550191185,1500 -5.84322127678,43.3541193055,1500 -5.84516997998,43.3534563206,1500 -5.84724681399,43.3530503002,1500 -5.8493887,43.3529135758,1500 -5.85153058601,43.3530503002,1500 -5.85360742002,43.3534563206,1500 -5.85555612322,43.3541193055,1500 -5.85731750362,43.3550191185,1500 -5.85883805233,43.3561284287,1500 -5.86007156827,43.3574135408,1500 -5.86098056192,43.3588354168,1500 -5.86153739561,43.3603508617,1500 -5.8617251255,43.3619138347,1500 -5.86153801937,43.3634768473,1500 -5.8609817342,43.3649924066,1500 -5.86007314768,43.3664144577,1500 -5.85883984837,43.3676997845,1500 -5.85731929965,43.3688093234,1500 -5.85555770263,43.3697093511,1500 -5.8536085923,43.3703725112,1500 -5.85153120976,43.3707786459,1500</coordinates>
                        </LinearRing>
                    </outerBoundaryIs>
                </Polygon>
            </MultiGeometry>
        </Placemark>
        <Placemark id="feat_78">
            <Style id="stylesel_19">
                <LineStyle id="substyle_39">
                    <color>e6008000</color>
                    <colorMode>normal</colorMode>
                </LineStyle>
                <PolyStyle id="substyle_38">
                    <color>c8008000</color>
                    <colorMode>normal</colorMode>
                    <fill>1</fill>
                    <outline>1</outline>
                </PolyStyle>
            </Style>
            <name>0</name>
            <MultiGeometry id="geom_76">
                <Polygon id="geom_77">
                    <extrude>5</extrude>
                    <altitudeMode>relativeToGround</altitudeMode>
                    <outerBoundaryIs>
                        <LinearRing id="geom_79">
                            <coordinates>-4.5288016,42.0186887427,1500 -4.52670507565,42.0185519473,1500 -4.52467227941,42.018145719,1500 -4.52276499987,42.0174824058,1500 -4.5210412059,42.0165821698,1500 -4.51955328322,42.0154723734,1500 -4.51834644162,42.014186747,1500 -4.51745734121,42.012764363,1500 -4.51691297972,42.0112484474,1500 -4.51672987419,42.0096850653,1500 -4.51691356191,42.008121721,1500 -4.51745843536,42.0066059143,1500 -4.51834791576,42.0051836973,1500 -4.51955495956,42.0038982758,1500 -4.52104288223,42.0027886973,1500 -4.52276647401,42.0018886662,1500 -4.52467337355,42.00122552,1500 -4.52670565783,42.0008194007,1500 -4.5288016,42.0006826431,1500 -4.53089754217,42.0008194007,1500 -4.53292982645,42.00122552,1500 -4.53483672599,42.0018886662,1500 -4.53656031777,42.0027886973,1500 -4.53804824044,42.0038982758,1500 -4.53925528424,42.0051836973,1500 -4.54014476464,42.0066059143,1500 -4.54068963809,42.008121721,1500 -4.54087332581,42.0096850653,1500 -4.54069022028,42.0112484474,1500 -4.54014585879,42.012764363,1500 -4.53925675838,42.014186747,1500 -4.53804991678,42.0154723734,1500 -4.5365619941,42.0165821698,1500 -4.53483820013,42.0174824058,1500 -4.53293092059,42.018145719,1500 -4.53089812435,42.0185519473,1500</coordinates>
                        </LinearRing>
                    </outerBoundaryIs>
                </Polygon>
            </MultiGeometry>
        </Placemark>
        <Placemark id="feat_82">
            <Style id="stylesel_20">
                <LineStyle id="substyle_41">
                    <color>e6008000</color>
                    <colorMode>normal</colorMode>
                </LineStyle>
                <PolyStyle id="substyle_40">
                    <color>c8008000</color>
                    <colorMode>normal</colorMode>
                    <fill>1</fill>
                    <outline>1</outline>
                </PolyStyle>
            </Style>
            <name>0</name>
            <MultiGeometry id="geom_80">
                <Polygon id="geom_81">
                    <extrude>5</extrude>
                    <altitudeMode>relativeToGround</altitudeMode>
                    <outerBoundaryIs>
                        <LinearRing id="geom_83">
                            <coordinates>-1.6457745,42.8215277774,1500 -1.64365105817,42.8213910006,1500 -1.64159216342,42.8209848278,1500 -1.63966039829,42.8203216055,1500 -1.63791447636,42.8194214931,1500 -1.63640745607,42.8183118495,1500 -1.63518512746,42.8170264009,1500 -1.63428462086,42.8156042144,1500 -1.63373327983,42.8140885102,1500 -1.63354783252,42.8125253473,1500 -1.63373388628,42.8109622233,1500 -1.63428576062,42.8094466312,1500 -1.63518666306,42.8080246165,1500 -1.63640920229,42.8067393785,1500 -1.63791622258,42.8056299592,1500 -1.63966193389,42.8047300575,1500 -1.64159330318,42.8040670069,1500 -1.64365166463,42.8036609463,1500 -1.6457745,42.8035242084,1500 -1.64789733537,42.8036609463,1500 -1.64995569682,42.8040670069,1500 -1.65188706611,42.8047300575,1500 -1.65363277742,42.8056299592,1500 -1.65513979771,42.8067393785,1500 -1.65636233694,42.8080246165,1500 -1.65726323938,42.8094466312,1500 -1.65781511372,42.8109622233,1500 -1.65800116748,42.8125253473,1500 -1.65781572017,42.8140885102,1500 -1.65726437914,42.8156042144,1500 -1.65636387254,42.8170264009,1500 -1.65514154393,42.8183118495,1500 -1.65363452364,42.8194214931,1500 -1.65188860171,42.8203216055,1500 -1.64995683658,42.8209848278,1500 -1.64789794183,42.8213910006,1500</coordinates>
                        </LinearRing>
                    </outerBoundaryIs>
                </Polygon>
            </MultiGeometry>
        </Placemark>
        <Placemark id="feat_86">
            <Style id="stylesel_21">
                <LineStyle id="substyle_43">
                    <color>e6008000</color>
                    <colorMode>normal</colorMode>
                </LineStyle>
                <PolyStyle id="substyle_42">
                    <color>c8008000</color>
                    <colorMode>normal</colorMode>
                    <fill>1</fill>
                    <outline>1</outline>
                </PolyStyle>
            </Style>
            <name>0</name>
            <MultiGeometry id="geom_84">
                <Polygon id="geom_85">
                    <extrude>5</extrude>
                    <altitudeMode>relativeToGround</altitudeMode>
                    <outerBoundaryIs>
                        <LinearRing id="geom_87">
                            <coordinates>-6.598259,42.5589979915,1500 -6.59614448197,42.5588612086,1500 -6.59409423952,42.5584550177,1500 -6.59217059196,42.5577917656,1500 -6.59043200598,42.5568916128,1500 -6.58893131701,42.5557819192,1500 -6.58771412272,42.5544964124,1500 -6.58681739754,42.5530741612,1500 -6.58626837039,42.5515583878,1500 -6.58608369942,42.5499951532,1500 -6.58626896878,42.5484319571,1500 -6.58681852215,42.5469162948,1500 -6.5877156379,42.5454942139,1500 -6.58893304001,42.5442089158,1500 -6.59043372898,42.5430994444,1500 -6.59217210714,42.5421995003,1500 -6.59409536412,42.5415364185,1500 -6.59614508036,42.5411303386,1500 -6.598259,42.5409935943,1500 -6.60037291964,42.5411303386,1500 -6.60242263588,42.5415364185,1500 -6.60434589286,42.5421995003,1500 -6.60608427102,42.5430994444,1500 -6.60758495999,42.5442089158,1500 -6.6088023621,42.5454942139,1500 -6.60969947785,42.5469162948,1500 -6.61024903122,42.5484319571,1500 -6.61043430058,42.5499951532,1500 -6.61024962961,42.5515583878,1500 -6.60970060246,42.5530741612,1500 -6.60880387728,42.5544964124,1500 -6.60758668299,42.5557819192,1500 -6.60608599402,42.5568916128,1500 -6.60434740804,42.5577917656,1500 -6.60242376048,42.5584550177,1500 -6.60037351803,42.5588612086,1500</coordinates>
                        </LinearRing>
                    </outerBoundaryIs>
                </Polygon>
            </MultiGeometry>
        </Placemark>
        <Placemark id="feat_90">
            <Style id="stylesel_22">
                <LineStyle id="substyle_45">
                    <color>e6008000</color>
                    <colorMode>normal</colorMode>
                </LineStyle>
                <PolyStyle id="substyle_44">
                    <color>c8008000</color>
                    <colorMode>normal</colorMode>
                    <fill>1</fill>
                    <outline>1</outline>
                </PolyStyle>
            </Style>
            <name>0</name>
            <MultiGeometry id="geom_88">
                <Polygon id="geom_89">
                    <extrude>5</extrude>
                    <altitudeMode>relativeToGround</altitudeMode>
                    <outerBoundaryIs>
                        <LinearRing id="geom_91">
                            <coordinates>-5.6635397,40.9791085756,1500 -5.66147643696,40.978971756,1500 -5.65947589006,40.978565456,1500 -5.65759886683,40.9779020256,1500 -5.65590241593,40.9770016301,1500 -5.65443809183,40.9758916363,1500 -5.65325038726,40.9746057805,1500 -5.65237538135,40.9731831415,1500 -5.65183964444,40.9716669529,1500 -5.65165943271,40.9701032879,1500 -5.65184019686,40.9685396594,1500 -5.65237641955,40.9670235758,1500 -5.65325178601,40.9656010979,1500 -5.65443968244,40.9643154395,1500 -5.65590400654,40.9632056558,1500 -5.65760026559,40.9623054577,1500 -5.65947692826,40.9616421883,1500 -5.66147698937,40.9612359934,1500 -5.6635397,40.9610992102,1500 -5.66560241063,40.9612359934,1500 -5.66760247174,40.9616421883,1500 -5.66947913441,40.9623054577,1500 -5.67117539346,40.9632056558,1500 -5.67263971756,40.9643154395,1500 -5.67382761399,40.9656010979,1500 -5.67470298045,40.9670235758,1500 -5.67523920314,40.9685396594,1500 -5.67541996729,40.9701032879,1500 -5.67523975556,40.9716669529,1500 -5.67470401865,40.9731831415,1500 -5.67382901274,40.9746057805,1500 -5.67264130817,40.9758916363,1500 -5.67117698407,40.9770016301,1500 -5.66948053317,40.9779020256,1500 -5.66760350994,40.978565456,1500 -5.66560296304,40.978971756,1500</coordinates>
                        </LinearRing>
                    </outerBoundaryIs>
                </Polygon>
            </MultiGeometry>
        </Placemark>
        <Placemark id="feat_94">
            <Style id="stylesel_23">
                <LineStyle id="substyle_47">
                    <color>e6008000</color>
                    <colorMode>normal</colorMode>
                </LineStyle>
                <PolyStyle id="substyle_46">
                    <color>c8008000</color>
                    <colorMode>normal</colorMode>
                    <fill>1</fill>
                    <outline>1</outline>
                </PolyStyle>
            </Style>
            <name>0</name>
            <MultiGeometry id="geom_92">
                <Polygon id="geom_93">
                    <extrude>5</extrude>
                    <altitudeMode>relativeToGround</altitudeMode>
                    <outerBoundaryIs>
                        <LinearRing id="geom_95">
                            <coordinates>-1.9812313,43.3273349788,1500 -1.97909032255,43.3271982138,1500 -1.97701442572,43.326792076,1500 -1.97506670926,43.326128911,1500 -1.9733063719,43.3252288765,1500 -1.97178691034,43.3241193294,1500 -1.97055449265,43.3228339929,1500 -1.96964655543,43.321411931,1500 -1.96909066758,43.3198963603,1500 -1.96890369475,43.3183333357,1500 -1.96909128994,43.3167703507,1500 -1.96964772509,43.3152548941,1500 -1.97055606852,43.3138330071,1500 -1.97178870236,43.3125478851,1500 -1.97330816392,43.3114385662,1500 -1.97506828514,43.3105387462,1500 -1.97701559537,43.309875756,1500 -1.97909094492,43.3094697324,1500 -1.9812313,43.309333007,1500 -1.98337165508,43.3094697324,1500 -1.98544700463,43.309875756,1500 -1.98739431486,43.3105387462,1500 -1.98915443608,43.3114385662,1500 -1.99067389764,43.3125478851,1500 -1.99190653148,43.3138330071,1500 -1.99281487491,43.3152548941,1500 -1.99337131006,43.3167703507,1500 -1.99355890525,43.3183333357,1500 -1.99337193242,43.3198963603,1500 -1.99281604457,43.321411931,1500 -1.99190810735,43.3228339929,1500 -1.99067568966,43.3241193294,1500 -1.9891562281,43.3252288765,1500 -1.98739589074,43.326128911,1500 -1.98544817428,43.326792076,1500 -1.98337227745,43.3271982138,1500</coordinates>
                        </LinearRing>
                    </outerBoundaryIs>
                </Polygon>
            </MultiGeometry>
        </Placemark>
        <Placemark id="feat_98">
            <Style id="stylesel_24">
                <LineStyle id="substyle_49">
                    <color>e6008000</color>
                    <colorMode>normal</colorMode>
                </LineStyle>
                <PolyStyle id="substyle_48">
                    <color>c8008000</color>
                    <colorMode>normal</colorMode>
                    <fill>1</fill>
                    <outline>1</outline>
                </PolyStyle>
            </Style>
            <name>0</name>
            <MultiGeometry id="geom_96">
                <Polygon id="geom_97">
                    <extrude>5</extrude>
                    <altitudeMode>relativeToGround</altitudeMode>
                    <outerBoundaryIs>
                        <LinearRing id="geom_99">
                            <coordinates>-3.8099803,43.4713064513,1500 -3.8078342473,43.4711696896,1500 -3.80575342963,43.4707635619,1500 -3.80380109646,43.4701004132,1500 -3.80203658692,43.4692004009,1500 -3.80051352454,43.4680908812,1500 -3.79927818681,43.4668055766,1500 -3.798368099,43.4653835503,1500 -3.79781089518,43.4638680175,1500 -3.79762348084,43.4623050324,1500 -3.79781152216,43.460742087,1500 -3.79836927734,43.459226669,1500 -3.79927977438,43.4578048183,1500 -3.80051532986,43.4565197293,1500 -3.80203839223,43.455410439,1500 -3.80380268403,43.4545106423,1500 -3.80575460797,43.4538476694,1500 -3.80783487428,43.4534416563,1500 -3.8099803,43.4533049345,1500 -3.81212572572,43.4534416563,1500 -3.81420599203,43.4538476694,1500 -3.81615791597,43.4545106423,1500 -3.81792220777,43.455410439,1500 -3.81944527014,43.4565197293,1500 -3.82068082562,43.4578048183,1500 -3.82159132266,43.459226669,1500 -3.82214907784,43.460742087,1500 -3.82233711916,43.4623050324,1500 -3.82214970482,43.4638680175,1500 -3.821592501,43.4653835503,1500 -3.82068241319,43.4668055766,1500 -3.81944707546,43.4680908812,1500 -3.81792401308,43.4692004009,1500 -3.81615950354,43.4701004132,1500 -3.81420717037,43.4707635619,1500 -3.8121263527,43.4711696896,1500</coordinates>
                        </LinearRing>
                    </outerBoundaryIs>
                </Polygon>
            </MultiGeometry>
        </Placemark>
        <Placemark id="feat_102">
            <Style id="stylesel_25">
                <LineStyle id="substyle_51">
                    <color>e6008000</color>
                    <colorMode>normal</colorMode>
                </LineStyle>
                <PolyStyle id="substyle_50">
                    <color>c8008000</color>
                    <colorMode>normal</colorMode>
                    <fill>1</fill>
                    <outline>1</outline>
                </PolyStyle>
            </Style>
            <name>0</name>
            <MultiGeometry id="geom_100">
                <Polygon id="geom_101">
                    <extrude>5</extrude>
                    <altitudeMode>relativeToGround</altitudeMode>
                    <outerBoundaryIs>
                        <LinearRing id="geom_103">
                            <coordinates>-4.1088069,40.9519079183,1500 -4.10674448397,40.951771098,1500 -4.10474475831,40.9513647962,1500 -4.10286850557,40.9507013627,1500 -4.10117275098,40.949800963,1500 -4.09970902782,40.9486909641,1500 -4.09852181058,40.9474051022,1500 -4.0976471636,40.9459824566,1500 -4.09711164632,40.9444662608,1500 -4.09693150828,40.9429025885,1500 -4.09711219798,40.9413389526,1500 -4.09764820037,40.9398228618,1500 -4.09852320743,40.938400377,1500 -4.09971061625,40.9371147124,1500 -4.10117433941,40.9360049234,1500 -4.10286990242,40.935104721,1500 -4.10474579509,40.9344414483,1500 -4.10674503563,40.9340352514,1500 -4.1088069,40.9338984676,1500 -4.11086876437,40.9340352514,1500 -4.11286800491,40.9344414483,1500 -4.11474389758,40.935104721,1500 -4.11643946059,40.9360049234,1500 -4.11790318375,40.9371147124,1500 -4.11909059257,40.938400377,1500 -4.11996559963,40.9398228618,1500 -4.12050160202,40.9413389526,1500 -4.12068229172,40.9429025885,1500 -4.12050215368,40.9444662608,1500 -4.1199666364,40.9459824566,1500 -4.11909198942,40.9474051022,1500 -4.11790477218,40.9486909641,1500 -4.11644104902,40.949800963,1500 -4.11474529443,40.9507013627,1500 -4.11286904169,40.9513647962,1500 -4.11086931603,40.951771098,1500</coordinates>
                        </LinearRing>
                    </outerBoundaryIs>
                </Polygon>
            </MultiGeometry>
        </Placemark>
        <Placemark id="feat_106">
            <Style id="stylesel_26">
                <LineStyle id="substyle_53">
                    <color>e6008000</color>
                    <colorMode>normal</colorMode>
                </LineStyle>
                <PolyStyle id="substyle_52">
                    <color>c8008000</color>
                    <colorMode>normal</colorMode>
                    <fill>1</fill>
                    <outline>1</outline>
                </PolyStyle>
            </Style>
            <name>3</name>
            <MultiGeometry id="geom_104">
                <Polygon id="geom_105">
                    <extrude>5</extrude>
                    <altitudeMode>relativeToGround</altitudeMode>
                    <outerBoundaryIs>
                        <LinearRing id="geom_107">
                            <coordinates>-5.9867172,37.4421765088,1500 -5.97886818364,37.4416287106,1500 -5.97125799017,37.4400019839,1500 -5.96411814557,37.4373458228,1500 -5.95766580851,37.4337410359,1500 -5.95209714579,37.4292972785,1500 -5.94758135799,37.4241497057,1500 -5.94425553847,37.4184548492,1500 -5.94222052204,37.4123858466,1500 -5.94153784756,37.4061271682,1500 -5.94222792366,37.3998690037,1500 -5.94426944898,37.393801481,1500 -5.94760009957,37.3881088916,1500 -5.95211845794,37.3829640998,1500 -5.95768712066,37.3785233019,1500 -5.96413688717,37.3749212961,1500 -5.9712719007,37.3722674022,1500 -5.97887558527,37.3706421553,1500 -5.9867172,37.370094871,1500 -5.99455881473,37.3706421553,1500 -6.0021624993,37.3722674022,1500 -6.00929751283,37.3749212961,1500 -6.01574727934,37.3785233019,1500 -6.02131594206,37.3829640998,1500 -6.02583430043,37.3881088916,1500 -6.02916495102,37.393801481,1500 -6.03120647634,37.3998690037,1500 -6.03189655244,37.4061271682,1500 -6.03121387796,37.4123858466,1500 -6.02917886153,37.4184548492,1500 -6.02585304201,37.4241497057,1500 -6.02133725421,37.4292972785,1500 -6.01576859149,37.4337410359,1500 -6.00931625443,37.4373458228,1500 -6.00217640983,37.4400019839,1500 -5.99456621636,37.4416287106,1500</coordinates>
                        </LinearRing>
                    </outerBoundaryIs>
                </Polygon>
            </MultiGeometry>
        </Placemark>
        <Placemark id="feat_110">
            <Style id="stylesel_27">
                <LineStyle id="substyle_55">
                    <color>e6008000</color>
                    <colorMode>normal</colorMode>
                </LineStyle>
                <PolyStyle id="substyle_54">
                    <color>c8008000</color>
                    <colorMode>normal</colorMode>
                    <fill>1</fill>
                    <outline>1</outline>
                </PolyStyle>
            </Style>
            <name>0</name>
            <MultiGeometry id="geom_108">
                <Polygon id="geom_109">
                    <extrude>5</extrude>
                    <altitudeMode>relativeToGround</altitudeMode>
                    <outerBoundaryIs>
                        <LinearRing id="geom_111">
                            <coordinates>-5.9002883,37.3077273619,1500 -5.89832953432,37.3075904581,1500 -5.89643030552,37.3071839081,1500 -5.89464833895,37.3065200687,1500 -5.89303779234,37.3056191168,1500 -5.89164760852,37.3045084351,1500 -5.89052002752,37.3032217796,1500 -5.88968930311,37.3017982522,1500 -5.88918066286,37.3002811127,1500 -5.88900954329,37.2987164626,1500 -5.88918112301,37.2971518445,1500 -5.88969016792,37.2956347971,1500 -5.89052119267,37.2942114109,1500 -5.89164893348,37.2929249284,1500 -5.8930391173,37.291814431,1500 -5.8946495041,37.2909136523,1500 -5.89643117032,37.2902499541,1500 -5.89832999448,37.2898434961,1500 -5.9002883,37.2897066244,1500 -5.90224660552,37.2898434961,1500 -5.90414542968,37.2902499541,1500 -5.9059270959,37.2909136523,1500 -5.9075374827,37.291814431,1500 -5.90892766652,37.2929249284,1500 -5.91005540733,37.2942114109,1500 -5.91088643208,37.2956347971,1500 -5.91139547699,37.2971518445,1500 -5.91156705671,37.2987164626,1500 -5.91139593714,37.3002811127,1500 -5.91088729689,37.3017982522,1500 -5.91005657248,37.3032217796,1500 -5.90892899148,37.3045084351,1500 -5.90753880766,37.3056191168,1500 -5.90592826105,37.3065200687,1500 -5.90414629448,37.3071839081,1500 -5.90224706568,37.3075904581,1500</coordinates>
                        </LinearRing>
                    </outerBoundaryIs>
                </Polygon>
            </MultiGeometry>
        </Placemark>
        <Placemark id="feat_114">
            <Style id="stylesel_28">
                <LineStyle id="substyle_57">
                    <color>e6008000</color>
                    <colorMode>normal</colorMode>
                </LineStyle>
                <PolyStyle id="substyle_56">
                    <color>c8008000</color>
                    <colorMode>normal</colorMode>
                    <fill>1</fill>
                    <outline>1</outline>
                </PolyStyle>
            </Style>
            <name>0</name>
            <MultiGeometry id="geom_112">
                <Polygon id="geom_113">
                    <extrude>5</extrude>
                    <altitudeMode>relativeToGround</altitudeMode>
                    <outerBoundaryIs>
                        <LinearRing id="geom_115">
                            <coordinates>-2.4790306,41.7756006252,1500 -2.47694201103,41.7754638241,1500 -2.47491690873,41.775057579,1500 -2.47301684763,41.7743942384,1500 -2.47129957708,41.773493965,1500 -2.46981728447,41.7723841224,1500 -2.46861500851,41.7710984423,1500 -2.46772927071,41.7696759986,1500 -2.46718696684,41.768160019,1500 -2.46700455168,41.7665965706,1500 -2.46718754189,41.7650331598,1500 -2.46773035147,41.7635172883,1500 -2.46861646461,41.7620950101,1500 -2.46981894029,41.7608095331,1500 -2.4713012329,41.7596999066,1500 -2.47301830374,41.7587998363,1500 -2.47491798949,41.7581366613,1500 -2.47694258609,41.7577305243,1500 -2.4790306,41.7575937606,1500 -2.48111861391,41.7577305243,1500 -2.48314321051,41.7581366613,1500 -2.48504289626,41.7587998363,1500 -2.4867599671,41.7596999066,1500 -2.48824225971,41.7608095331,1500 -2.48944473539,41.7620950101,1500 -2.49033084853,41.7635172883,1500 -2.49087365811,41.7650331598,1500 -2.49105664832,41.7665965706,1500 -2.49087423316,41.768160019,1500 -2.49033192929,41.7696759986,1500 -2.48944619149,41.7710984423,1500 -2.48824391553,41.7723841224,1500 -2.48676162292,41.773493965,1500 -2.48504435237,41.7743942384,1500 -2.48314429127,41.775057579,1500 -2.48111918897,41.7754638241,1500</coordinates>
                        </LinearRing>
                    </outerBoundaryIs>
                </Polygon>
            </MultiGeometry>
        </Placemark>
        <Placemark id="feat_118">
            <Style id="stylesel_29">
                <LineStyle id="substyle_59">
                    <color>e6008000</color>
                    <colorMode>normal</colorMode>
                </LineStyle>
                <PolyStyle id="substyle_58">
                    <color>c8008000</color>
                    <colorMode>normal</colorMode>
                    <fill>1</fill>
                    <outline>1</outline>
                </PolyStyle>
            </Style>
            <name>0</name>
            <MultiGeometry id="geom_116">
                <Polygon id="geom_117">
                    <extrude>5</extrude>
                    <altitudeMode>relativeToGround</altitudeMode>
                    <outerBoundaryIs>
                        <LinearRing id="geom_119">
                            <coordinates>1.2444909,41.1278871424,1500 1.24655881655,41.1277503262,1500 1.24856387538,41.1273440365,1500 1.2504451317,41.1266806228,1500 1.2521454081,41.1257802501,1500 1.25361303383,41.1246702845,1500 1.25480341582,41.1233844615,1500 1.25568039366,41.1219618589,1500 1.25621733722,41.1204457093,1500 1.25639795383,41.1188820847,1500 1.25621678066,41.1173184968,1500 1.25567934767,41.1158024528,1500 1.25480200655,41.1143800121,1500 1.25361143127,41.1130943875,1500 1.25214380554,41.1119846332,1500 1.25044372243,41.1110844589,1500 1.24856282938,41.1104212071,1500 1.24655825998,41.110015023,1500 1.2444909,41.1098782435,1500 1.24242354002,41.110015023,1500 1.24041897062,41.1104212071,1500 1.23853807757,41.1110844589,1500 1.23683799446,41.1119846332,1500 1.23537036873,41.1130943875,1500 1.23417979345,41.1143800121,1500 1.23330245233,41.1158024528,1500 1.23276501934,41.1173184968,1500 1.23258384617,41.1188820847,1500 1.23276446278,41.1204457093,1500 1.23330140634,41.1219618589,1500 1.23417838418,41.1233844615,1500 1.23536876617,41.1246702845,1500 1.2368363919,41.1257802501,1500 1.2385366683,41.1266806228,1500 1.24041792462,41.1273440365,1500 1.24242298345,41.1277503262,1500</coordinates>
                        </LinearRing>
                    </outerBoundaryIs>
                </Polygon>
            </MultiGeometry>
        </Placemark>
        <Placemark id="feat_122">
            <Style id="stylesel_30">
                <LineStyle id="substyle_61">
                    <color>e6008000</color>
                    <colorMode>normal</colorMode>
                </LineStyle>
                <PolyStyle id="substyle_60">
                    <color>c8008000</color>
                    <colorMode>normal</colorMode>
                    <fill>1</fill>
                    <outline>1</outline>
                </PolyStyle>
            </Style>
            <name>0</name>
            <MultiGeometry id="geom_120">
                <Polygon id="geom_121">
                    <extrude>5</extrude>
                    <altitudeMode>relativeToGround</altitudeMode>
                    <outerBoundaryIs>
                        <LinearRing id="geom_123">
                            <coordinates>-1.1064345,40.3546935526,1500 -1.10439039124,40.3545567185,1500 -1.10240841585,40.3541503756,1500 -1.10054881641,40.353486875,1500 -1.09886811166,40.3525863839,1500 -1.09741737736,40.3514762721,1500 -1.09624069333,40.3501902789,1500 -1.09537380411,40.3487674874,1500 -1.09484303392,40.3472511354,1500 -1.0946644887,40.3456873012,1500 -1.09484356929,40.3441235026,1500 -1.09537481028,40.3426072534,1500 -1.09624204893,40.3411846193,1500 -1.0974189189,40.3398988193,1500 -1.0988696532,40.338788913,1500 -1.10055017201,40.337888615,1500 -1.10240942202,40.3372252718,1500 -1.10439092661,40.3368190317,1500 -1.1064345,40.3366822333,1500 -1.10847807339,40.3368190317,1500 -1.11045957798,40.3372252718,1500 -1.11231882799,40.337888615,1500 -1.1139993468,40.338788913,1500 -1.1154500811,40.3398988193,1500 -1.11662695107,40.3411846193,1500 -1.11749418972,40.3426072534,1500 -1.11802543071,40.3441235026,1500 -1.1182045113,40.3456873012,1500 -1.11802596608,40.3472511354,1500 -1.11749519589,40.3487674874,1500 -1.11662830667,40.3501902789,1500 -1.11545162264,40.3514762721,1500 -1.11400088834,40.3525863839,1500 -1.11232018359,40.353486875,1500 -1.11046058415,40.3541503756,1500 -1.10847860876,40.3545567185,1500</coordinates>
                        </LinearRing>
                    </outerBoundaryIs>
                </Polygon>
            </MultiGeometry>
        </Placemark>
        <Placemark id="feat_126">
            <Style id="stylesel_31">
                <LineStyle id="substyle_63">
                    <color>e6008000</color>
                    <colorMode>normal</colorMode>
                </LineStyle>
                <PolyStyle id="substyle_62">
                    <color>c8008000</color>
                    <colorMode>normal</colorMode>
                    <fill>1</fill>
                    <outline>1</outline>
                </PolyStyle>
            </Style>
            <name>0</name>
            <MultiGeometry id="geom_124">
                <Polygon id="geom_125">
                    <extrude>5</extrude>
                    <altitudeMode>relativeToGround</altitudeMode>
                    <outerBoundaryIs>
                        <LinearRing id="geom_127">
                            <coordinates>-83.555212,41.6729418866,1500 -83.5531267329,41.6728050831,1500 -83.5511048514,41.6723988309,1500 -83.5492078121,41.6717354787,1500 -83.5474932723,41.6708351896,1500 -83.5460133366,41.6697253275,1500 -83.5448129719,41.6684396247,1500 -83.5439286417,41.6670171558,1500 -83.5433871992,41.6655011492,1500 -83.543205073,41.6639376729,1500 -83.5433877713,41.6623742339,1500 -83.5439297169,41.660858335,1500 -83.5448144204,41.6594360311,1500 -83.5460149838,41.6581505306,1500 -83.5474949196,41.6570408839,1500 -83.5492092606,41.6561407971,1500 -83.5511059266,41.6554776099,1500 -83.553127305,41.6550714654,1500 -83.555212,41.6549346992,1500 -83.557296695,41.6550714654,1500 -83.5593180734,41.6554776099,1500 -83.5612147394,41.6561407971,1500 -83.5629290804,41.6570408839,1500 -83.5644090162,41.6581505306,1500 -83.5656095796,41.6594360311,1500 -83.5664942831,41.660858335,1500 -83.5670362287,41.6623742339,1500 -83.567218927,41.6639376729,1500 -83.5670368008,41.6655011492,1500 -83.5664953583,41.6670171558,1500 -83.5656110281,41.6684396247,1500 -83.5644106634,41.6697253275,1500 -83.5629307277,41.6708351896,1500 -83.5612161879,41.6717354787,1500 -83.5593191486,41.6723988309,1500 -83.5572972671,41.6728050831,1500</coordinates>
                        </LinearRing>
                    </outerBoundaryIs>
                </Polygon>
            </MultiGeometry>
        </Placemark>
        <Placemark id="feat_130">
            <Style id="stylesel_32">
                <LineStyle id="substyle_65">
                    <color>e6008000</color>
                    <colorMode>normal</colorMode>
                </LineStyle>
                <PolyStyle id="substyle_64">
                    <color>c8008000</color>
                    <colorMode>normal</colorMode>
                    <fill>1</fill>
                    <outline>1</outline>
                </PolyStyle>
            </Style>
            <name>0</name>
            <MultiGeometry id="geom_128">
                <Polygon id="geom_129">
                    <extrude>5</extrude>
                    <altitudeMode>relativeToGround</altitudeMode>
                    <outerBoundaryIs>
                        <LinearRing id="geom_131">
                            <coordinates>-4.0501505,43.3578512306,1500 -4.04800844994,43.3577144663,1500 -4.04593151313,43.3573083306,1500 -4.04398282097,43.3566451691,1500 -4.04222160186,43.3557451393,1500 -4.0407013793,43.354635598,1500 -4.03946834447,43.3533502683,1500 -4.03855995275,43.3519282139,1500 -4.03800378678,43.3504126512,1500 -4.03781672064,43.348849635,1500 -4.03800441011,43.3472866584,1500 -4.03856112424,43.34577121,1500 -4.03946992282,43.3443493307,1500 -4.04070317412,43.3430642156,1500 -4.04222339669,43.3419549028,1500 -4.04398439932,43.3410550878,1500 -4.04593268462,43.3403921012,1500 -4.04800907328,43.3399860798,1500 -4.0501505,43.3398493552,1500 -4.05229192672,43.3399860798,1500 -4.05436831538,43.3403921012,1500 -4.05631660068,43.3410550878,1500 -4.05807760331,43.3419549028,1500 -4.05959782588,43.3430642156,1500 -4.06083107718,43.3443493307,1500 -4.06173987576,43.34577121,1500 -4.06229658989,43.3472866584,1500 -4.06248427936,43.348849635,1500 -4.06229721322,43.3504126512,1500 -4.06174104725,43.3519282139,1500 -4.06083265553,43.3533502683,1500 -4.0595996207,43.354635598,1500 -4.05807939814,43.3557451393,1500 -4.05631817903,43.3566451691,1500 -4.05436948687,43.3573083306,1500 -4.05229255006,43.3577144663,1500</coordinates>
                        </LinearRing>
                    </outerBoundaryIs>
                </Polygon>
            </MultiGeometry>
        </Placemark>
        <Placemark id="feat_134">
            <Style id="stylesel_33">
                <LineStyle id="substyle_67">
                    <color>e6008000</color>
                    <colorMode>normal</colorMode>
                </LineStyle>
                <PolyStyle id="substyle_66">
                    <color>c8008000</color>
                    <colorMode>normal</colorMode>
                    <fill>1</fill>
                    <outline>1</outline>
                </PolyStyle>
            </Style>
            <name>0</name>
            <MultiGeometry id="geom_132">
                <Polygon id="geom_133">
                    <extrude>5</extrude>
                    <altitudeMode>relativeToGround</altitudeMode>
                    <outerBoundaryIs>
                        <LinearRing id="geom_135">
                            <coordinates>-4.7245321,41.661254605,1500 -4.72244720999,41.6611178012,1500 -4.72042569411,41.6607115482,1500 -4.7185289978,41.6600481947,1500 -4.71681476805,41.6591479038,1500 -4.71533509982,41.6580380394,1500 -4.71413495206,41.6567523341,1500 -4.7132507817,41.6553298623,1500 -4.71270943695,41.6538138526,1500 -4.71252734361,41.6522503731,1500 -4.7127100087,41.650686931,1500 -4.71325185623,41.649171029,1500 -4.71413639977,41.6477487221,1500 -4.71533674609,41.646463219,1500 -4.71681641432,41.6453535699,1500 -4.71853044551,41.6444534812,1500 -4.72042676864,41.6437902926,1500 -4.72244778173,41.6433841473,1500 -4.7245321,41.6432473809,1500 -4.72661641827,41.6433841473,1500 -4.72863743136,41.6437902926,1500 -4.73053375449,41.6444534812,1500 -4.73224778568,41.6453535699,1500 -4.73372745391,41.646463219,1500 -4.73492780023,41.6477487221,1500 -4.73581234377,41.649171029,1500 -4.7363541913,41.650686931,1500 -4.73653685639,41.6522503731,1500 -4.73635476305,41.6538138526,1500 -4.7358134183,41.6553298623,1500 -4.73492924794,41.6567523341,1500 -4.73372910018,41.6580380394,1500 -4.73224943195,41.6591479038,1500 -4.7305352022,41.6600481947,1500 -4.72863850589,41.6607115482,1500 -4.72661699001,41.6611178012,1500</coordinates>
                        </LinearRing>
                    </outerBoundaryIs>
                </Polygon>
            </MultiGeometry>
        </Placemark>
        <Placemark id="feat_138">
            <Style id="stylesel_34">
                <LineStyle id="substyle_69">
                    <color>e6008000</color>
                    <colorMode>normal</colorMode>
                </LineStyle>
                <PolyStyle id="substyle_68">
                    <color>c8008000</color>
                    <colorMode>normal</colorMode>
                    <fill>1</fill>
                    <outline>1</outline>
                </PolyStyle>
            </Style>
            <name>0</name>
            <MultiGeometry id="geom_136">
                <Polygon id="geom_137">
                    <extrude>5</extrude>
                    <altitudeMode>relativeToGround</altitudeMode>
                    <outerBoundaryIs>
                        <LinearRing id="geom_139">
                            <coordinates>-40.2957768,-20.2885850266,1500 -40.2941143785,-20.2887222469,1500 -40.2925024603,-20.2891297391,1500 -40.2909900152,-20.2897951238,1500 -40.2896229924,-20.2906981868,1500 -40.2884429253,-20.2918114926,1500 -40.2874856697,-20.2931012181,1500 -40.2867803141,-20.2945281794,1500 -40.2863482961,-20.2960490221,1500 -40.2862027499,-20.2976175382,1500 -40.2863481063,-20.2991860698,1500 -40.2867799574,-20.3007069571,1500 -40.287485189,-20.3021339869,1500 -40.2884423788,-20.3034237963,1500 -40.2896224459,-20.3045371914,1500 -40.2909895346,-20.3054403383,1500 -40.2925021036,-20.3061057914,1500 -40.2941141887,-20.3065133283,1500 -40.2957768,-20.3066505641,1500 -40.2974394113,-20.3065133283,1500 -40.2990514964,-20.3061057914,1500 -40.3005640654,-20.3054403383,1500 -40.3019311541,-20.3045371914,1500 -40.3031112212,-20.3034237963,1500 -40.304068411,-20.3021339869,1500 -40.3047736426,-20.3007069571,1500 -40.3052054937,-20.2991860698,1500 -40.3053508501,-20.2976175382,1500 -40.3052053039,-20.2960490221,1500 -40.3047732859,-20.2945281794,1500 -40.3040679303,-20.2931012181,1500 -40.3031106747,-20.2918114926,1500 -40.3019306076,-20.2906981868,1500 -40.3005635848,-20.2897951238,1500 -40.2990511397,-20.2891297391,1500 -40.2974392215,-20.2887222469,1500</coordinates>
                        </LinearRing>
                    </outerBoundaryIs>
                </Polygon>
            </MultiGeometry>
        </Placemark>
        <Placemark id="feat_142">
            <Style id="stylesel_35">
                <LineStyle id="substyle_71">
                    <color>e6008000</color>
                    <colorMode>normal</colorMode>
                </LineStyle>
                <PolyStyle id="substyle_70">
                    <color>c8008000</color>
                    <colorMode>normal</colorMode>
                    <fill>1</fill>
                    <outline>1</outline>
                </PolyStyle>
            </Style>
            <name>0</name>
            <MultiGeometry id="geom_140">
                <Polygon id="geom_141">
                    <extrude>5</extrude>
                    <altitudeMode>relativeToGround</altitudeMode>
                    <outerBoundaryIs>
                        <LinearRing id="geom_143">
                            <coordinates>-5.7467879,41.5124750388,1500 -5.74470779083,41.5123382315,1500 -5.74269091034,41.5119319683,1500 -5.74079856294,41.511268598,1500 -5.73908826337,41.5103682842,1500 -5.73761198709,41.5092583916,1500 -5.73641459001,41.5079726534,1500 -5.73553244554,41.5065501451,1500 -5.73499234045,41.5050340964,1500 -5.73481066305,41.5034705764,1500 -5.73499290791,41.5019070936,1500 -5.73553351202,41.5003911519,1500 -5.73641602688,41.4989688076,1500 -5.73761362103,41.4976832706,1500 -5.73908989731,41.4965735921,1500 -5.74079999981,41.4956734796,1500 -5.74269197682,41.4950102733,1500 -5.74470835829,41.4946041172,1500 -5.7467879,41.4944673471,1500 -5.74886744171,41.4946041172,1500 -5.75088382318,41.4950102733,1500 -5.75277580019,41.4956734796,1500 -5.75448590269,41.4965735921,1500 -5.75596217897,41.4976832706,1500 -5.75715977312,41.4989688076,1500 -5.75804228798,41.5003911519,1500 -5.75858289209,41.5019070936,1500 -5.75876513695,41.5034705764,1500 -5.75858345955,41.5050340964,1500 -5.75804335446,41.5065501451,1500 -5.75716120999,41.5079726534,1500 -5.75596381291,41.5092583916,1500 -5.75448753663,41.5103682842,1500 -5.75277723706,41.511268598,1500 -5.75088488966,41.5119319683,1500 -5.74886800917,41.5123382315,1500</coordinates>
                        </LinearRing>
                    </outerBoundaryIs>
                </Polygon>
            </MultiGeometry>
        </Placemark>
        <Placemark id="feat_146">
            <Style id="stylesel_36">
                <LineStyle id="substyle_73">
                    <color>e6008000</color>
                    <colorMode>normal</colorMode>
                </LineStyle>
                <PolyStyle id="substyle_72">
                    <color>c8008000</color>
                    <colorMode>normal</colorMode>
                    <fill>1</fill>
                    <outline>1</outline>
                </PolyStyle>
            </Style>
            <name>0</name>
            <MultiGeometry id="geom_144">
                <Polygon id="geom_145">
                    <extrude>5</extrude>
                    <altitudeMode>relativeToGround</altitudeMode>
                    <outerBoundaryIs>
                        <LinearRing id="geom_147">
                            <coordinates>-0.8890853,41.6578262104,1500 -0.887000520563,41.6576894065,1500 -0.884979111897,41.6572831533,1500 -0.883082516168,41.6566197994,1500 -0.881368377315,41.6557195079,1500 -0.879888787532,41.6546096429,1500 -0.878688703398,41.6533239368,1500 -0.877804579893,41.6519014642,1500 -0.877263263817,41.6503854536,1500 -0.877081180097,41.6488219732,1500 -0.877263835461,41.6472585301,1500 -0.877805654233,41.6457426272,1500 -0.878690150853,41.6443203195,1500 -0.879890433517,41.6430348156,1500 -0.881370023299,41.6419251658,1500 -0.883083963623,41.6410250766,1500 -0.884980186237,41.6403618876,1500 -0.887001092208,41.639955742,1500 -0.8890853,41.6398189755,1500 -0.891169507792,41.639955742,1500 -0.893190413763,41.6403618876,1500 -0.895086636377,41.6410250766,1500 -0.896800576701,41.6419251658,1500 -0.898280166483,41.6430348156,1500 -0.899480449147,41.6443203195,1500 -0.900364945767,41.6457426272,1500 -0.900906764539,41.6472585301,1500 -0.901089419903,41.6488219732,1500 -0.900907336183,41.6503854536,1500 -0.900366020107,41.6519014642,1500 -0.899481896602,41.6533239368,1500 -0.898281812468,41.6546096429,1500 -0.896802222685,41.6557195079,1500 -0.895088083832,41.6566197994,1500 -0.893191488103,41.6572831533,1500 -0.891170079437,41.6576894065,1500</coordinates>
                        </LinearRing>
                    </outerBoundaryIs>
                </Polygon>
            </MultiGeometry>
        </Placemark>
    </Document>
</kml>
